,preds,trained_on,true_labels,test_on
0,"{'label': 'LABEL_1', 'score': 0.9974088072776794}",short_jokes-693,1,reddit_jokes_last_laught
1,"{'label': 'LABEL_1', 'score': 0.999403715133667}",short_jokes-693,1,reddit_jokes_last_laught
2,"{'label': 'LABEL_0', 'score': 0.9934303164482117}",short_jokes-693,1,reddit_jokes_last_laught
3,"{'label': 'LABEL_1', 'score': 0.9993588328361511}",short_jokes-693,1,reddit_jokes_last_laught
4,"{'label': 'LABEL_1', 'score': 0.9980916380882263}",short_jokes-693,1,reddit_jokes_last_laught
5,"{'label': 'LABEL_1', 'score': 0.9992030262947083}",short_jokes-693,1,reddit_jokes_last_laught
6,"{'label': 'LABEL_1', 'score': 0.9989497065544128}",short_jokes-693,1,reddit_jokes_last_laught
7,"{'label': 'LABEL_1', 'score': 0.926899254322052}",short_jokes-693,1,reddit_jokes_last_laught
8,"{'label': 'LABEL_0', 'score': 0.9016356468200684}",short_jokes-693,1,reddit_jokes_last_laught
9,"{'label': 'LABEL_1', 'score': 0.9973310232162476}",short_jokes-693,1,reddit_jokes_last_laught
10,"{'label': 'LABEL_1', 'score': 0.9975776076316833}",short_jokes-693,1,reddit_jokes_last_laught
11,"{'label': 'LABEL_0', 'score': 0.9864144921302795}",short_jokes-693,1,reddit_jokes_last_laught
12,"{'label': 'LABEL_0', 'score': 0.6965590715408325}",short_jokes-693,1,reddit_jokes_last_laught
13,"{'label': 'LABEL_1', 'score': 0.9994375109672546}",short_jokes-693,1,reddit_jokes_last_laught
14,"{'label': 'LABEL_1', 'score': 0.9994331002235413}",short_jokes-693,1,reddit_jokes_last_laught
15,"{'label': 'LABEL_0', 'score': 0.6874227523803711}",short_jokes-693,1,reddit_jokes_last_laught
16,"{'label': 'LABEL_1', 'score': 0.9782804250717163}",short_jokes-693,1,reddit_jokes_last_laught
17,"{'label': 'LABEL_1', 'score': 0.8997725248336792}",short_jokes-693,1,reddit_jokes_last_laught
18,"{'label': 'LABEL_1', 'score': 0.9774487614631653}",short_jokes-693,1,reddit_jokes_last_laught
19,"{'label': 'LABEL_0', 'score': 0.9958471655845642}",short_jokes-693,1,reddit_jokes_last_laught
20,"{'label': 'LABEL_1', 'score': 0.7615562677383423}",short_jokes-693,1,reddit_jokes_last_laught
21,"{'label': 'LABEL_1', 'score': 0.8234897255897522}",short_jokes-693,1,reddit_jokes_last_laught
22,"{'label': 'LABEL_1', 'score': 0.6734561920166016}",short_jokes-693,1,reddit_jokes_last_laught
23,"{'label': 'LABEL_1', 'score': 0.9994208812713623}",short_jokes-693,1,reddit_jokes_last_laught
24,"{'label': 'LABEL_1', 'score': 0.8994526863098145}",short_jokes-693,1,reddit_jokes_last_laught
25,"{'label': 'LABEL_0', 'score': 0.7892139554023743}",short_jokes-693,1,reddit_jokes_last_laught
26,"{'label': 'LABEL_0', 'score': 0.9308534264564514}",short_jokes-693,1,reddit_jokes_last_laught
27,"{'label': 'LABEL_1', 'score': 0.9993435740470886}",short_jokes-693,1,reddit_jokes_last_laught
28,"{'label': 'LABEL_1', 'score': 0.999164342880249}",short_jokes-693,1,reddit_jokes_last_laught
29,"{'label': 'LABEL_1', 'score': 0.9987267851829529}",short_jokes-693,1,reddit_jokes_last_laught
30,"{'label': 'LABEL_1', 'score': 0.9993482232093811}",short_jokes-693,1,reddit_jokes_last_laught
31,"{'label': 'LABEL_0', 'score': 0.7950348854064941}",short_jokes-693,1,reddit_jokes_last_laught
32,"{'label': 'LABEL_0', 'score': 0.712044358253479}",short_jokes-693,1,reddit_jokes_last_laught
33,"{'label': 'LABEL_1', 'score': 0.9803285002708435}",short_jokes-693,1,reddit_jokes_last_laught
34,"{'label': 'LABEL_1', 'score': 0.8443445563316345}",short_jokes-693,1,reddit_jokes_last_laught
35,"{'label': 'LABEL_0', 'score': 0.9937771558761597}",short_jokes-693,1,reddit_jokes_last_laught
36,"{'label': 'LABEL_0', 'score': 0.5715000629425049}",short_jokes-693,1,reddit_jokes_last_laught
37,"{'label': 'LABEL_1', 'score': 0.9991045594215393}",short_jokes-693,1,reddit_jokes_last_laught
38,"{'label': 'LABEL_1', 'score': 0.8846995830535889}",short_jokes-693,1,reddit_jokes_last_laught
39,"{'label': 'LABEL_1', 'score': 0.9994375109672546}",short_jokes-693,1,reddit_jokes_last_laught
40,"{'label': 'LABEL_1', 'score': 0.8736768364906311}",short_jokes-693,1,reddit_jokes_last_laught
41,"{'label': 'LABEL_0', 'score': 0.8533016443252563}",short_jokes-693,1,reddit_jokes_last_laught
42,"{'label': 'LABEL_1', 'score': 0.9994556307792664}",short_jokes-693,1,reddit_jokes_last_laught
43,"{'label': 'LABEL_0', 'score': 0.8505685925483704}",short_jokes-693,1,reddit_jokes_last_laught
44,"{'label': 'LABEL_1', 'score': 0.9994280934333801}",short_jokes-693,1,reddit_jokes_last_laught
45,"{'label': 'LABEL_1', 'score': 0.9994182586669922}",short_jokes-693,1,reddit_jokes_last_laught
46,"{'label': 'LABEL_0', 'score': 0.8716487288475037}",short_jokes-693,1,reddit_jokes_last_laught
47,"{'label': 'LABEL_1', 'score': 0.9889600276947021}",short_jokes-693,1,reddit_jokes_last_laught
48,"{'label': 'LABEL_1', 'score': 0.5072029829025269}",short_jokes-693,1,reddit_jokes_last_laught
49,"{'label': 'LABEL_0', 'score': 0.7263397574424744}",short_jokes-693,1,reddit_jokes_last_laught
50,"{'label': 'LABEL_0', 'score': 0.8968173265457153}",short_jokes-693,1,reddit_jokes_last_laught
51,"{'label': 'LABEL_1', 'score': 0.9993558526039124}",short_jokes-693,1,reddit_jokes_last_laught
52,"{'label': 'LABEL_0', 'score': 0.9886031150817871}",short_jokes-693,1,reddit_jokes_last_laught
53,"{'label': 'LABEL_0', 'score': 0.968299150466919}",short_jokes-693,1,reddit_jokes_last_laught
54,"{'label': 'LABEL_0', 'score': 0.9956154823303223}",short_jokes-693,1,reddit_jokes_last_laught
55,"{'label': 'LABEL_0', 'score': 0.5941001772880554}",short_jokes-693,1,reddit_jokes_last_laught
56,"{'label': 'LABEL_1', 'score': 0.9943118095397949}",short_jokes-693,1,reddit_jokes_last_laught
57,"{'label': 'LABEL_1', 'score': 0.8730051517486572}",short_jokes-693,1,reddit_jokes_last_laught
58,"{'label': 'LABEL_1', 'score': 0.999411940574646}",short_jokes-693,1,reddit_jokes_last_laught
59,"{'label': 'LABEL_0', 'score': 0.9945878982543945}",short_jokes-693,1,reddit_jokes_last_laught
60,"{'label': 'LABEL_0', 'score': 0.9926974177360535}",short_jokes-693,1,reddit_jokes_last_laught
61,"{'label': 'LABEL_1', 'score': 0.9994165897369385}",short_jokes-693,1,reddit_jokes_last_laught
62,"{'label': 'LABEL_1', 'score': 0.9620510339736938}",short_jokes-693,1,reddit_jokes_last_laught
63,"{'label': 'LABEL_1', 'score': 0.71527099609375}",short_jokes-693,1,reddit_jokes_last_laught
64,"{'label': 'LABEL_1', 'score': 0.9989534616470337}",short_jokes-693,1,reddit_jokes_last_laught
65,"{'label': 'LABEL_0', 'score': 0.984386146068573}",short_jokes-693,1,reddit_jokes_last_laught
66,"{'label': 'LABEL_1', 'score': 0.9957850575447083}",short_jokes-693,1,reddit_jokes_last_laught
67,"{'label': 'LABEL_1', 'score': 0.9994257688522339}",short_jokes-693,1,reddit_jokes_last_laught
68,"{'label': 'LABEL_1', 'score': 0.9992749094963074}",short_jokes-693,1,reddit_jokes_last_laught
69,"{'label': 'LABEL_1', 'score': 0.9994283318519592}",short_jokes-693,1,reddit_jokes_last_laught
70,"{'label': 'LABEL_1', 'score': 0.9993116855621338}",short_jokes-693,1,reddit_jokes_last_laught
71,"{'label': 'LABEL_1', 'score': 0.9994204044342041}",short_jokes-693,1,reddit_jokes_last_laught
72,"{'label': 'LABEL_0', 'score': 0.9756419062614441}",short_jokes-693,1,reddit_jokes_last_laught
73,"{'label': 'LABEL_1', 'score': 0.9302250146865845}",short_jokes-693,1,reddit_jokes_last_laught
74,"{'label': 'LABEL_0', 'score': 0.8918725252151489}",short_jokes-693,1,reddit_jokes_last_laught
75,"{'label': 'LABEL_1', 'score': 0.98150634765625}",short_jokes-693,1,reddit_jokes_last_laught
76,"{'label': 'LABEL_0', 'score': 0.8743747472763062}",short_jokes-693,1,reddit_jokes_last_laught
77,"{'label': 'LABEL_1', 'score': 0.9993191957473755}",short_jokes-693,1,reddit_jokes_last_laught
78,"{'label': 'LABEL_1', 'score': 0.7997128367424011}",short_jokes-693,1,reddit_jokes_last_laught
79,"{'label': 'LABEL_1', 'score': 0.9993589520454407}",short_jokes-693,1,reddit_jokes_last_laught
80,"{'label': 'LABEL_1', 'score': 0.6822096109390259}",short_jokes-693,1,reddit_jokes_last_laught
81,"{'label': 'LABEL_1', 'score': 0.9507551789283752}",short_jokes-693,1,reddit_jokes_last_laught
82,"{'label': 'LABEL_1', 'score': 0.9441554546356201}",short_jokes-693,1,reddit_jokes_last_laught
83,"{'label': 'LABEL_1', 'score': 0.9762811660766602}",short_jokes-693,1,reddit_jokes_last_laught
84,"{'label': 'LABEL_0', 'score': 0.9889783263206482}",short_jokes-693,1,reddit_jokes_last_laught
85,"{'label': 'LABEL_1', 'score': 0.9399927258491516}",short_jokes-693,1,reddit_jokes_last_laught
86,"{'label': 'LABEL_1', 'score': 0.9159913063049316}",short_jokes-693,1,reddit_jokes_last_laught
87,"{'label': 'LABEL_0', 'score': 0.9932413101196289}",short_jokes-693,1,reddit_jokes_last_laught
88,"{'label': 'LABEL_1', 'score': 0.9981387853622437}",short_jokes-693,1,reddit_jokes_last_laught
89,"{'label': 'LABEL_1', 'score': 0.9994418025016785}",short_jokes-693,1,reddit_jokes_last_laught
90,"{'label': 'LABEL_1', 'score': 0.9993956089019775}",short_jokes-693,1,reddit_jokes_last_laught
91,"{'label': 'LABEL_1', 'score': 0.9574759602546692}",short_jokes-693,1,reddit_jokes_last_laught
92,"{'label': 'LABEL_1', 'score': 0.999427318572998}",short_jokes-693,1,reddit_jokes_last_laught
93,"{'label': 'LABEL_1', 'score': 0.9978365302085876}",short_jokes-693,1,reddit_jokes_last_laught
94,"{'label': 'LABEL_1', 'score': 0.998336136341095}",short_jokes-693,1,reddit_jokes_last_laught
95,"{'label': 'LABEL_0', 'score': 0.6656922698020935}",short_jokes-693,1,reddit_jokes_last_laught
96,"{'label': 'LABEL_1', 'score': 0.9993782043457031}",short_jokes-693,1,reddit_jokes_last_laught
97,"{'label': 'LABEL_1', 'score': 0.9993541836738586}",short_jokes-693,1,reddit_jokes_last_laught
98,"{'label': 'LABEL_0', 'score': 0.990822434425354}",short_jokes-693,1,reddit_jokes_last_laught
99,"{'label': 'LABEL_1', 'score': 0.999302864074707}",short_jokes-693,1,reddit_jokes_last_laught
100,"{'label': 'LABEL_1', 'score': 0.9993889331817627}",short_jokes-693,1,reddit_jokes_last_laught
101,"{'label': 'LABEL_1', 'score': 0.8107134699821472}",short_jokes-693,1,reddit_jokes_last_laught
102,"{'label': 'LABEL_0', 'score': 0.9581962823867798}",short_jokes-693,1,reddit_jokes_last_laught
103,"{'label': 'LABEL_0', 'score': 0.9780241250991821}",short_jokes-693,1,reddit_jokes_last_laught
104,"{'label': 'LABEL_1', 'score': 0.9992135763168335}",short_jokes-693,1,reddit_jokes_last_laught
105,"{'label': 'LABEL_1', 'score': 0.9992983341217041}",short_jokes-693,1,reddit_jokes_last_laught
106,"{'label': 'LABEL_0', 'score': 0.679394543170929}",short_jokes-693,1,reddit_jokes_last_laught
107,"{'label': 'LABEL_0', 'score': 0.7884507179260254}",short_jokes-693,1,reddit_jokes_last_laught
108,"{'label': 'LABEL_1', 'score': 0.7391985058784485}",short_jokes-693,1,reddit_jokes_last_laught
109,"{'label': 'LABEL_0', 'score': 0.9458745718002319}",short_jokes-693,1,reddit_jokes_last_laught
110,"{'label': 'LABEL_0', 'score': 0.9963229894638062}",short_jokes-693,1,reddit_jokes_last_laught
111,"{'label': 'LABEL_0', 'score': 0.959064245223999}",short_jokes-693,1,reddit_jokes_last_laught
112,"{'label': 'LABEL_0', 'score': 0.9272318482398987}",short_jokes-693,1,reddit_jokes_last_laught
113,"{'label': 'LABEL_0', 'score': 0.6802041530609131}",short_jokes-693,1,reddit_jokes_last_laught
114,"{'label': 'LABEL_1', 'score': 0.9962521195411682}",short_jokes-693,1,reddit_jokes_last_laught
115,"{'label': 'LABEL_1', 'score': 0.9631956815719604}",short_jokes-693,1,reddit_jokes_last_laught
116,"{'label': 'LABEL_1', 'score': 0.8465879559516907}",short_jokes-693,1,reddit_jokes_last_laught
117,"{'label': 'LABEL_0', 'score': 0.6714562773704529}",short_jokes-693,1,reddit_jokes_last_laught
118,"{'label': 'LABEL_1', 'score': 0.9994468092918396}",short_jokes-693,1,reddit_jokes_last_laught
119,"{'label': 'LABEL_0', 'score': 0.9889411330223083}",short_jokes-693,1,reddit_jokes_last_laught
120,"{'label': 'LABEL_1', 'score': 0.9994199275970459}",short_jokes-693,1,reddit_jokes_last_laught
121,"{'label': 'LABEL_1', 'score': 0.9667741060256958}",short_jokes-693,1,reddit_jokes_last_laught
122,"{'label': 'LABEL_1', 'score': 0.7615959048271179}",short_jokes-693,1,reddit_jokes_last_laught
123,"{'label': 'LABEL_0', 'score': 0.5483538508415222}",short_jokes-693,1,reddit_jokes_last_laught
124,"{'label': 'LABEL_1', 'score': 0.8310673832893372}",short_jokes-693,1,reddit_jokes_last_laught
125,"{'label': 'LABEL_1', 'score': 0.9913404583930969}",short_jokes-693,1,reddit_jokes_last_laught
126,"{'label': 'LABEL_1', 'score': 0.9809601306915283}",short_jokes-693,1,reddit_jokes_last_laught
127,"{'label': 'LABEL_1', 'score': 0.9807417988777161}",short_jokes-693,1,reddit_jokes_last_laught
128,"{'label': 'LABEL_1', 'score': 0.8430745005607605}",short_jokes-693,1,reddit_jokes_last_laught
129,"{'label': 'LABEL_1', 'score': 0.999444305896759}",short_jokes-693,1,reddit_jokes_last_laught
130,"{'label': 'LABEL_1', 'score': 0.999454915523529}",short_jokes-693,1,reddit_jokes_last_laught
131,"{'label': 'LABEL_1', 'score': 0.9994491934776306}",short_jokes-693,1,reddit_jokes_last_laught
132,"{'label': 'LABEL_1', 'score': 0.6021621823310852}",short_jokes-693,1,reddit_jokes_last_laught
133,"{'label': 'LABEL_1', 'score': 0.9994507431983948}",short_jokes-693,1,reddit_jokes_last_laught
134,"{'label': 'LABEL_1', 'score': 0.9993997812271118}",short_jokes-693,1,reddit_jokes_last_laught
135,"{'label': 'LABEL_1', 'score': 0.9993950128555298}",short_jokes-693,1,reddit_jokes_last_laught
136,"{'label': 'LABEL_0', 'score': 0.9874446392059326}",short_jokes-693,1,reddit_jokes_last_laught
137,"{'label': 'LABEL_1', 'score': 0.99913090467453}",short_jokes-693,1,reddit_jokes_last_laught
138,"{'label': 'LABEL_1', 'score': 0.9994277358055115}",short_jokes-693,1,reddit_jokes_last_laught
139,"{'label': 'LABEL_0', 'score': 0.9908291101455688}",short_jokes-693,1,reddit_jokes_last_laught
140,"{'label': 'LABEL_1', 'score': 0.9992914199829102}",short_jokes-693,1,reddit_jokes_last_laught
141,"{'label': 'LABEL_0', 'score': 0.7759740948677063}",short_jokes-693,1,reddit_jokes_last_laught
142,"{'label': 'LABEL_0', 'score': 0.9902157783508301}",short_jokes-693,1,reddit_jokes_last_laught
143,"{'label': 'LABEL_0', 'score': 0.9913508892059326}",short_jokes-693,1,reddit_jokes_last_laught
144,"{'label': 'LABEL_1', 'score': 0.822860836982727}",short_jokes-693,1,reddit_jokes_last_laught
145,"{'label': 'LABEL_0', 'score': 0.968000054359436}",short_jokes-693,1,reddit_jokes_last_laught
146,"{'label': 'LABEL_1', 'score': 0.9993269443511963}",short_jokes-693,1,reddit_jokes_last_laught
147,"{'label': 'LABEL_0', 'score': 0.9560241103172302}",short_jokes-693,1,reddit_jokes_last_laught
148,"{'label': 'LABEL_1', 'score': 0.8977802991867065}",short_jokes-693,1,reddit_jokes_last_laught
149,"{'label': 'LABEL_1', 'score': 0.9394152164459229}",short_jokes-693,1,reddit_jokes_last_laught
150,"{'label': 'LABEL_0', 'score': 0.9937790036201477}",short_jokes-693,1,reddit_jokes_last_laught
151,"{'label': 'LABEL_1', 'score': 0.9865967631340027}",short_jokes-693,1,reddit_jokes_last_laught
152,"{'label': 'LABEL_1', 'score': 0.6392896771430969}",short_jokes-693,1,reddit_jokes_last_laught
153,"{'label': 'LABEL_0', 'score': 0.9970445036888123}",short_jokes-693,1,reddit_jokes_last_laught
154,"{'label': 'LABEL_0', 'score': 0.9505327343940735}",short_jokes-693,1,reddit_jokes_last_laught
155,"{'label': 'LABEL_1', 'score': 0.9994345307350159}",short_jokes-693,1,reddit_jokes_last_laught
156,"{'label': 'LABEL_1', 'score': 0.9645883440971375}",short_jokes-693,1,reddit_jokes_last_laught
157,"{'label': 'LABEL_1', 'score': 0.9994357228279114}",short_jokes-693,1,reddit_jokes_last_laught
158,"{'label': 'LABEL_1', 'score': 0.9994385838508606}",short_jokes-693,1,reddit_jokes_last_laught
159,"{'label': 'LABEL_1', 'score': 0.9994483590126038}",short_jokes-693,1,reddit_jokes_last_laught
160,"{'label': 'LABEL_0', 'score': 0.8796063661575317}",short_jokes-693,1,reddit_jokes_last_laught
161,"{'label': 'LABEL_0', 'score': 0.8742344379425049}",short_jokes-693,1,reddit_jokes_last_laught
162,"{'label': 'LABEL_1', 'score': 0.9897168874740601}",short_jokes-693,1,reddit_jokes_last_laught
163,"{'label': 'LABEL_0', 'score': 0.9966346621513367}",short_jokes-693,1,reddit_jokes_last_laught
164,"{'label': 'LABEL_1', 'score': 0.9488050937652588}",short_jokes-693,1,reddit_jokes_last_laught
165,"{'label': 'LABEL_1', 'score': 0.9992314577102661}",short_jokes-693,1,reddit_jokes_last_laught
166,"{'label': 'LABEL_1', 'score': 0.9993951320648193}",short_jokes-693,1,reddit_jokes_last_laught
167,"{'label': 'LABEL_1', 'score': 0.9563250541687012}",short_jokes-693,1,reddit_jokes_last_laught
168,"{'label': 'LABEL_1', 'score': 0.9993218183517456}",short_jokes-693,1,reddit_jokes_last_laught
169,"{'label': 'LABEL_1', 'score': 0.9994413256645203}",short_jokes-693,1,reddit_jokes_last_laught
170,"{'label': 'LABEL_1', 'score': 0.9994034767150879}",short_jokes-693,1,reddit_jokes_last_laught
171,"{'label': 'LABEL_1', 'score': 0.9427435994148254}",short_jokes-693,1,reddit_jokes_last_laught
172,"{'label': 'LABEL_1', 'score': 0.9431357979774475}",short_jokes-693,1,reddit_jokes_last_laught
173,"{'label': 'LABEL_0', 'score': 0.8741962313652039}",short_jokes-693,1,reddit_jokes_last_laught
174,"{'label': 'LABEL_0', 'score': 0.6181575655937195}",short_jokes-693,1,reddit_jokes_last_laught
175,"{'label': 'LABEL_0', 'score': 0.9967693090438843}",short_jokes-693,1,reddit_jokes_last_laught
176,"{'label': 'LABEL_0', 'score': 0.9446554183959961}",short_jokes-693,1,reddit_jokes_last_laught
177,"{'label': 'LABEL_0', 'score': 0.9922234416007996}",short_jokes-693,1,reddit_jokes_last_laught
178,"{'label': 'LABEL_1', 'score': 0.9993579983711243}",short_jokes-693,1,reddit_jokes_last_laught
179,"{'label': 'LABEL_1', 'score': 0.9675915241241455}",short_jokes-693,1,reddit_jokes_last_laught
180,"{'label': 'LABEL_1', 'score': 0.9420027732849121}",short_jokes-693,1,reddit_jokes_last_laught
181,"{'label': 'LABEL_1', 'score': 0.9994056224822998}",short_jokes-693,1,reddit_jokes_last_laught
182,"{'label': 'LABEL_1', 'score': 0.7007084488868713}",short_jokes-693,1,reddit_jokes_last_laught
183,"{'label': 'LABEL_1', 'score': 0.9993777275085449}",short_jokes-693,1,reddit_jokes_last_laught
184,"{'label': 'LABEL_1', 'score': 0.8217709064483643}",short_jokes-693,1,reddit_jokes_last_laught
185,"{'label': 'LABEL_1', 'score': 0.9993268251419067}",short_jokes-693,1,reddit_jokes_last_laught
186,"{'label': 'LABEL_1', 'score': 0.997918426990509}",short_jokes-693,1,reddit_jokes_last_laught
187,"{'label': 'LABEL_1', 'score': 0.9424065947532654}",short_jokes-693,1,reddit_jokes_last_laught
188,"{'label': 'LABEL_0', 'score': 0.8880839347839355}",short_jokes-693,1,reddit_jokes_last_laught
189,"{'label': 'LABEL_0', 'score': 0.9881330132484436}",short_jokes-693,1,reddit_jokes_last_laught
190,"{'label': 'LABEL_1', 'score': 0.8465631008148193}",short_jokes-693,1,reddit_jokes_last_laught
191,"{'label': 'LABEL_0', 'score': 0.9530883431434631}",short_jokes-693,1,reddit_jokes_last_laught
192,"{'label': 'LABEL_0', 'score': 0.9659558534622192}",short_jokes-693,1,reddit_jokes_last_laught
193,"{'label': 'LABEL_1', 'score': 0.9994176626205444}",short_jokes-693,1,reddit_jokes_last_laught
194,"{'label': 'LABEL_1', 'score': 0.9977743029594421}",short_jokes-693,1,reddit_jokes_last_laught
195,"{'label': 'LABEL_1', 'score': 0.9570179581642151}",short_jokes-693,1,reddit_jokes_last_laught
196,"{'label': 'LABEL_1', 'score': 0.9994015693664551}",short_jokes-693,1,reddit_jokes_last_laught
197,"{'label': 'LABEL_1', 'score': 0.9955744743347168}",short_jokes-693,1,reddit_jokes_last_laught
198,"{'label': 'LABEL_1', 'score': 0.8310593366622925}",short_jokes-693,1,reddit_jokes_last_laught
199,"{'label': 'LABEL_0', 'score': 0.9613216519355774}",short_jokes-693,1,reddit_jokes_last_laught
200,"{'label': 'LABEL_1', 'score': 0.9992478489875793}",short_jokes-693,1,reddit_jokes_last_laught
201,"{'label': 'LABEL_0', 'score': 0.9723548293113708}",short_jokes-693,1,reddit_jokes_last_laught
202,"{'label': 'LABEL_0', 'score': 0.7771285176277161}",short_jokes-693,1,reddit_jokes_last_laught
203,"{'label': 'LABEL_0', 'score': 0.9377459287643433}",short_jokes-693,1,reddit_jokes_last_laught
204,"{'label': 'LABEL_0', 'score': 0.5918901562690735}",short_jokes-693,1,reddit_jokes_last_laught
205,"{'label': 'LABEL_0', 'score': 0.7541542053222656}",short_jokes-693,1,reddit_jokes_last_laught
206,"{'label': 'LABEL_1', 'score': 0.9989781379699707}",short_jokes-693,1,reddit_jokes_last_laught
207,"{'label': 'LABEL_1', 'score': 0.999427080154419}",short_jokes-693,1,reddit_jokes_last_laught
208,"{'label': 'LABEL_1', 'score': 0.9994131326675415}",short_jokes-693,1,reddit_jokes_last_laught
209,"{'label': 'LABEL_1', 'score': 0.5492878556251526}",short_jokes-693,1,reddit_jokes_last_laught
210,"{'label': 'LABEL_1', 'score': 0.8676439523696899}",short_jokes-693,1,reddit_jokes_last_laught
211,"{'label': 'LABEL_0', 'score': 0.9806483387947083}",short_jokes-693,1,reddit_jokes_last_laught
212,"{'label': 'LABEL_0', 'score': 0.9915760159492493}",short_jokes-693,1,reddit_jokes_last_laught
213,"{'label': 'LABEL_1', 'score': 0.990747332572937}",short_jokes-693,1,reddit_jokes_last_laught
214,"{'label': 'LABEL_0', 'score': 0.6053711771965027}",short_jokes-693,1,reddit_jokes_last_laught
215,"{'label': 'LABEL_1', 'score': 0.9993467926979065}",short_jokes-693,1,reddit_jokes_last_laught
216,"{'label': 'LABEL_0', 'score': 0.8824055790901184}",short_jokes-693,1,reddit_jokes_last_laught
217,"{'label': 'LABEL_0', 'score': 0.9797337651252747}",short_jokes-693,1,reddit_jokes_last_laught
218,"{'label': 'LABEL_1', 'score': 0.9992757439613342}",short_jokes-693,1,reddit_jokes_last_laught
219,"{'label': 'LABEL_0', 'score': 0.8384014964103699}",short_jokes-693,1,reddit_jokes_last_laught
220,"{'label': 'LABEL_0', 'score': 0.9927865862846375}",short_jokes-693,1,reddit_jokes_last_laught
221,"{'label': 'LABEL_1', 'score': 0.9993780851364136}",short_jokes-693,1,reddit_jokes_last_laught
222,"{'label': 'LABEL_1', 'score': 0.9992114305496216}",short_jokes-693,1,reddit_jokes_last_laught
223,"{'label': 'LABEL_1', 'score': 0.9480023980140686}",short_jokes-693,1,reddit_jokes_last_laught
224,"{'label': 'LABEL_1', 'score': 0.9784998893737793}",short_jokes-693,1,reddit_jokes_last_laught
225,"{'label': 'LABEL_0', 'score': 0.9654701352119446}",short_jokes-693,1,reddit_jokes_last_laught
226,"{'label': 'LABEL_1', 'score': 0.9555243849754333}",short_jokes-693,1,reddit_jokes_last_laught
227,"{'label': 'LABEL_1', 'score': 0.7072060704231262}",short_jokes-693,1,reddit_jokes_last_laught
228,"{'label': 'LABEL_0', 'score': 0.9954694509506226}",short_jokes-693,1,reddit_jokes_last_laught
229,"{'label': 'LABEL_1', 'score': 0.9994557499885559}",short_jokes-693,1,reddit_jokes_last_laught
230,"{'label': 'LABEL_0', 'score': 0.9970001578330994}",short_jokes-693,1,reddit_jokes_last_laught
231,"{'label': 'LABEL_1', 'score': 0.9993696808815002}",short_jokes-693,1,reddit_jokes_last_laught
232,"{'label': 'LABEL_0', 'score': 0.7630912661552429}",short_jokes-693,1,reddit_jokes_last_laught
233,"{'label': 'LABEL_0', 'score': 0.9859622120857239}",short_jokes-693,1,reddit_jokes_last_laught
234,"{'label': 'LABEL_1', 'score': 0.995452880859375}",short_jokes-693,1,reddit_jokes_last_laught
235,"{'label': 'LABEL_0', 'score': 0.8692594766616821}",short_jokes-693,1,reddit_jokes_last_laught
236,"{'label': 'LABEL_1', 'score': 0.9994025230407715}",short_jokes-693,1,reddit_jokes_last_laught
237,"{'label': 'LABEL_1', 'score': 0.9993017911911011}",short_jokes-693,1,reddit_jokes_last_laught
238,"{'label': 'LABEL_1', 'score': 0.9993532299995422}",short_jokes-693,1,reddit_jokes_last_laught
239,"{'label': 'LABEL_1', 'score': 0.9992654919624329}",short_jokes-693,1,reddit_jokes_last_laught
240,"{'label': 'LABEL_1', 'score': 0.9993764758110046}",short_jokes-693,1,reddit_jokes_last_laught
241,"{'label': 'LABEL_0', 'score': 0.9902482628822327}",short_jokes-693,1,reddit_jokes_last_laught
242,"{'label': 'LABEL_1', 'score': 0.9985852241516113}",short_jokes-693,1,reddit_jokes_last_laught
243,"{'label': 'LABEL_0', 'score': 0.9500123262405396}",short_jokes-693,1,reddit_jokes_last_laught
244,"{'label': 'LABEL_1', 'score': 0.9982807636260986}",short_jokes-693,1,reddit_jokes_last_laught
245,"{'label': 'LABEL_1', 'score': 0.831989049911499}",short_jokes-693,1,reddit_jokes_last_laught
246,"{'label': 'LABEL_1', 'score': 0.9993083477020264}",short_jokes-693,1,reddit_jokes_last_laught
247,"{'label': 'LABEL_1', 'score': 0.999427318572998}",short_jokes-693,1,reddit_jokes_last_laught
248,"{'label': 'LABEL_1', 'score': 0.9993177652359009}",short_jokes-693,1,reddit_jokes_last_laught
249,"{'label': 'LABEL_1', 'score': 0.9765493869781494}",short_jokes-693,1,reddit_jokes_last_laught
250,"{'label': 'LABEL_1', 'score': 0.9833620190620422}",short_jokes-693,1,reddit_jokes_last_laught
251,"{'label': 'LABEL_0', 'score': 0.902023196220398}",short_jokes-693,1,reddit_jokes_last_laught
252,"{'label': 'LABEL_1', 'score': 0.9951081871986389}",short_jokes-693,1,reddit_jokes_last_laught
253,"{'label': 'LABEL_1', 'score': 0.9992635846138}",short_jokes-693,1,reddit_jokes_last_laught
254,"{'label': 'LABEL_1', 'score': 0.9994606375694275}",short_jokes-693,1,reddit_jokes_last_laught
255,"{'label': 'LABEL_0', 'score': 0.6681931614875793}",short_jokes-693,1,reddit_jokes_last_laught
256,"{'label': 'LABEL_1', 'score': 0.9991472959518433}",short_jokes-693,1,reddit_jokes_last_laught
257,"{'label': 'LABEL_1', 'score': 0.7002846598625183}",short_jokes-693,1,reddit_jokes_last_laught
258,"{'label': 'LABEL_1', 'score': 0.8904638886451721}",short_jokes-693,1,reddit_jokes_last_laught
259,"{'label': 'LABEL_1', 'score': 0.7871225476264954}",short_jokes-693,1,reddit_jokes_last_laught
260,"{'label': 'LABEL_1', 'score': 0.5734400749206543}",short_jokes-693,1,reddit_jokes_last_laught
261,"{'label': 'LABEL_1', 'score': 0.9990962743759155}",short_jokes-693,1,reddit_jokes_last_laught
262,"{'label': 'LABEL_1', 'score': 0.9690510630607605}",short_jokes-693,1,reddit_jokes_last_laught
263,"{'label': 'LABEL_0', 'score': 0.9328922033309937}",short_jokes-693,1,reddit_jokes_last_laught
264,"{'label': 'LABEL_1', 'score': 0.7953951358795166}",short_jokes-693,1,reddit_jokes_last_laught
265,"{'label': 'LABEL_1', 'score': 0.9993340373039246}",short_jokes-693,1,reddit_jokes_last_laught
266,"{'label': 'LABEL_1', 'score': 0.9994164705276489}",short_jokes-693,1,reddit_jokes_last_laught
267,"{'label': 'LABEL_1', 'score': 0.5071102380752563}",short_jokes-693,1,reddit_jokes_last_laught
268,"{'label': 'LABEL_1', 'score': 0.9991355538368225}",short_jokes-693,1,reddit_jokes_last_laught
269,"{'label': 'LABEL_1', 'score': 0.8586548566818237}",short_jokes-693,1,reddit_jokes_last_laught
270,"{'label': 'LABEL_1', 'score': 0.9994232654571533}",short_jokes-693,1,reddit_jokes_last_laught
271,"{'label': 'LABEL_0', 'score': 0.9796983003616333}",short_jokes-693,1,reddit_jokes_last_laught
272,"{'label': 'LABEL_1', 'score': 0.9931782484054565}",short_jokes-693,1,reddit_jokes_last_laught
273,"{'label': 'LABEL_0', 'score': 0.9583548903465271}",short_jokes-693,1,reddit_jokes_last_laught
274,"{'label': 'LABEL_0', 'score': 0.9870649576187134}",short_jokes-693,1,reddit_jokes_last_laught
275,"{'label': 'LABEL_1', 'score': 0.9973836541175842}",short_jokes-693,1,reddit_jokes_last_laught
276,"{'label': 'LABEL_1', 'score': 0.9984174966812134}",short_jokes-693,1,reddit_jokes_last_laught
277,"{'label': 'LABEL_1', 'score': 0.9990962743759155}",short_jokes-693,1,reddit_jokes_last_laught
278,"{'label': 'LABEL_0', 'score': 0.9948809146881104}",short_jokes-693,1,reddit_jokes_last_laught
279,"{'label': 'LABEL_1', 'score': 0.9994342923164368}",short_jokes-693,1,reddit_jokes_last_laught
280,"{'label': 'LABEL_0', 'score': 0.9958023428916931}",short_jokes-693,1,reddit_jokes_last_laught
281,"{'label': 'LABEL_0', 'score': 0.8605809211730957}",short_jokes-693,1,reddit_jokes_last_laught
282,"{'label': 'LABEL_1', 'score': 0.6915440559387207}",short_jokes-693,1,reddit_jokes_last_laught
283,"{'label': 'LABEL_0', 'score': 0.9863396883010864}",short_jokes-693,1,reddit_jokes_last_laught
284,"{'label': 'LABEL_1', 'score': 0.9994321465492249}",short_jokes-693,1,reddit_jokes_last_laught
285,"{'label': 'LABEL_1', 'score': 0.9993700385093689}",short_jokes-693,1,reddit_jokes_last_laught
286,"{'label': 'LABEL_1', 'score': 0.8989847898483276}",short_jokes-693,1,reddit_jokes_last_laught
287,"{'label': 'LABEL_1', 'score': 0.9993751645088196}",short_jokes-693,1,reddit_jokes_last_laught
288,"{'label': 'LABEL_1', 'score': 0.9074709415435791}",short_jokes-693,1,reddit_jokes_last_laught
289,"{'label': 'LABEL_1', 'score': 0.9993959665298462}",short_jokes-693,1,reddit_jokes_last_laught
290,"{'label': 'LABEL_1', 'score': 0.9994284510612488}",short_jokes-693,1,reddit_jokes_last_laught
291,"{'label': 'LABEL_1', 'score': 0.9969764947891235}",short_jokes-693,1,reddit_jokes_last_laught
292,"{'label': 'LABEL_1', 'score': 0.9994262456893921}",short_jokes-693,1,reddit_jokes_last_laught
293,"{'label': 'LABEL_0', 'score': 0.987139880657196}",short_jokes-693,1,reddit_jokes_last_laught
294,"{'label': 'LABEL_0', 'score': 0.9911461472511292}",short_jokes-693,1,reddit_jokes_last_laught
295,"{'label': 'LABEL_1', 'score': 0.9993909597396851}",short_jokes-693,1,reddit_jokes_last_laught
296,"{'label': 'LABEL_1', 'score': 0.9981170892715454}",short_jokes-693,1,reddit_jokes_last_laught
297,"{'label': 'LABEL_1', 'score': 0.9994445443153381}",short_jokes-693,1,reddit_jokes_last_laught
298,"{'label': 'LABEL_1', 'score': 0.7633920907974243}",short_jokes-693,1,reddit_jokes_last_laught
299,"{'label': 'LABEL_0', 'score': 0.9801911115646362}",short_jokes-693,1,reddit_jokes_last_laught
300,"{'label': 'LABEL_0', 'score': 0.9951983094215393}",short_jokes-693,1,reddit_jokes_last_laught
301,"{'label': 'LABEL_0', 'score': 0.9476813673973083}",short_jokes-693,1,reddit_jokes_last_laught
302,"{'label': 'LABEL_1', 'score': 0.9993557333946228}",short_jokes-693,1,reddit_jokes_last_laught
303,"{'label': 'LABEL_1', 'score': 0.5024954080581665}",short_jokes-693,1,reddit_jokes_last_laught
304,"{'label': 'LABEL_1', 'score': 0.9272972345352173}",short_jokes-693,0,reddit_jokes_last_laught
305,"{'label': 'LABEL_1', 'score': 0.999464213848114}",short_jokes-693,0,reddit_jokes_last_laught
306,"{'label': 'LABEL_1', 'score': 0.9340025186538696}",short_jokes-693,0,reddit_jokes_last_laught
307,"{'label': 'LABEL_1', 'score': 0.9993878602981567}",short_jokes-693,0,reddit_jokes_last_laught
308,"{'label': 'LABEL_1', 'score': 0.9992934465408325}",short_jokes-693,0,reddit_jokes_last_laught
309,"{'label': 'LABEL_1', 'score': 0.9994447827339172}",short_jokes-693,0,reddit_jokes_last_laught
310,"{'label': 'LABEL_1', 'score': 0.9992534518241882}",short_jokes-693,0,reddit_jokes_last_laught
311,"{'label': 'LABEL_1', 'score': 0.9869131445884705}",short_jokes-693,0,reddit_jokes_last_laught
312,"{'label': 'LABEL_1', 'score': 0.929917573928833}",short_jokes-693,0,reddit_jokes_last_laught
313,"{'label': 'LABEL_1', 'score': 0.9994562268257141}",short_jokes-693,0,reddit_jokes_last_laught
314,"{'label': 'LABEL_0', 'score': 0.9959419369697571}",short_jokes-693,0,reddit_jokes_last_laught
315,"{'label': 'LABEL_1', 'score': 0.9994282126426697}",short_jokes-693,0,reddit_jokes_last_laught
316,"{'label': 'LABEL_1', 'score': 0.9409639239311218}",short_jokes-693,0,reddit_jokes_last_laught
317,"{'label': 'LABEL_1', 'score': 0.9993683695793152}",short_jokes-693,0,reddit_jokes_last_laught
318,"{'label': 'LABEL_0', 'score': 0.9965564012527466}",short_jokes-693,0,reddit_jokes_last_laught
319,"{'label': 'LABEL_1', 'score': 0.9993545413017273}",short_jokes-693,0,reddit_jokes_last_laught
320,"{'label': 'LABEL_0', 'score': 0.9751052260398865}",short_jokes-693,0,reddit_jokes_last_laught
321,"{'label': 'LABEL_0', 'score': 0.7193023562431335}",short_jokes-693,0,reddit_jokes_last_laught
322,"{'label': 'LABEL_1', 'score': 0.9994530081748962}",short_jokes-693,0,reddit_jokes_last_laught
323,"{'label': 'LABEL_1', 'score': 0.7149150967597961}",short_jokes-693,0,reddit_jokes_last_laught
324,"{'label': 'LABEL_1', 'score': 0.9994421601295471}",short_jokes-693,0,reddit_jokes_last_laught
325,"{'label': 'LABEL_1', 'score': 0.9088083505630493}",short_jokes-693,0,reddit_jokes_last_laught
326,"{'label': 'LABEL_0', 'score': 0.9958866238594055}",short_jokes-693,0,reddit_jokes_last_laught
327,"{'label': 'LABEL_1', 'score': 0.8628339767456055}",short_jokes-693,0,reddit_jokes_last_laught
328,"{'label': 'LABEL_1', 'score': 0.9994220733642578}",short_jokes-693,0,reddit_jokes_last_laught
329,"{'label': 'LABEL_1', 'score': 0.912110447883606}",short_jokes-693,0,reddit_jokes_last_laught
330,"{'label': 'LABEL_0', 'score': 0.9063776731491089}",short_jokes-693,0,reddit_jokes_last_laught
331,"{'label': 'LABEL_1', 'score': 0.9994105100631714}",short_jokes-693,0,reddit_jokes_last_laught
332,"{'label': 'LABEL_0', 'score': 0.9889429807662964}",short_jokes-693,0,reddit_jokes_last_laught
333,"{'label': 'LABEL_1', 'score': 0.9992584586143494}",short_jokes-693,0,reddit_jokes_last_laught
334,"{'label': 'LABEL_1', 'score': 0.9945607781410217}",short_jokes-693,0,reddit_jokes_last_laught
335,"{'label': 'LABEL_1', 'score': 0.9891652464866638}",short_jokes-693,0,reddit_jokes_last_laught
336,"{'label': 'LABEL_1', 'score': 0.9393857717514038}",short_jokes-693,0,reddit_jokes_last_laught
337,"{'label': 'LABEL_1', 'score': 0.9119784832000732}",short_jokes-693,0,reddit_jokes_last_laught
338,"{'label': 'LABEL_1', 'score': 0.9927812218666077}",short_jokes-693,0,reddit_jokes_last_laught
339,"{'label': 'LABEL_1', 'score': 0.9994532465934753}",short_jokes-693,0,reddit_jokes_last_laught
340,"{'label': 'LABEL_0', 'score': 0.5293463468551636}",short_jokes-693,0,reddit_jokes_last_laught
341,"{'label': 'LABEL_1', 'score': 0.9993634819984436}",short_jokes-693,0,reddit_jokes_last_laught
342,"{'label': 'LABEL_1', 'score': 0.9849417209625244}",short_jokes-693,0,reddit_jokes_last_laught
343,"{'label': 'LABEL_1', 'score': 0.9989526271820068}",short_jokes-693,0,reddit_jokes_last_laught
344,"{'label': 'LABEL_1', 'score': 0.9993307590484619}",short_jokes-693,0,reddit_jokes_last_laught
345,"{'label': 'LABEL_1', 'score': 0.9994339346885681}",short_jokes-693,0,reddit_jokes_last_laught
346,"{'label': 'LABEL_1', 'score': 0.9994271993637085}",short_jokes-693,0,reddit_jokes_last_laught
347,"{'label': 'LABEL_1', 'score': 0.9992535710334778}",short_jokes-693,0,reddit_jokes_last_laught
348,"{'label': 'LABEL_0', 'score': 0.9756834506988525}",short_jokes-693,0,reddit_jokes_last_laught
349,"{'label': 'LABEL_1', 'score': 0.9994027614593506}",short_jokes-693,0,reddit_jokes_last_laught
350,"{'label': 'LABEL_0', 'score': 0.9487560987472534}",short_jokes-693,0,reddit_jokes_last_laught
351,"{'label': 'LABEL_1', 'score': 0.9994118213653564}",short_jokes-693,0,reddit_jokes_last_laught
352,"{'label': 'LABEL_1', 'score': 0.9994378685951233}",short_jokes-693,0,reddit_jokes_last_laught
353,"{'label': 'LABEL_0', 'score': 0.9480631947517395}",short_jokes-693,0,reddit_jokes_last_laught
354,"{'label': 'LABEL_1', 'score': 0.9993667006492615}",short_jokes-693,0,reddit_jokes_last_laught
355,"{'label': 'LABEL_1', 'score': 0.9994392991065979}",short_jokes-693,0,reddit_jokes_last_laught
356,"{'label': 'LABEL_1', 'score': 0.9994202852249146}",short_jokes-693,0,reddit_jokes_last_laught
357,"{'label': 'LABEL_0', 'score': 0.9897667765617371}",short_jokes-693,0,reddit_jokes_last_laught
358,"{'label': 'LABEL_1', 'score': 0.9992303848266602}",short_jokes-693,0,reddit_jokes_last_laught
359,"{'label': 'LABEL_1', 'score': 0.9994388222694397}",short_jokes-693,0,reddit_jokes_last_laught
360,"{'label': 'LABEL_1', 'score': 0.9994434714317322}",short_jokes-693,0,reddit_jokes_last_laught
361,"{'label': 'LABEL_1', 'score': 0.8765079379081726}",short_jokes-693,0,reddit_jokes_last_laught
362,"{'label': 'LABEL_1', 'score': 0.999198853969574}",short_jokes-693,0,reddit_jokes_last_laught
363,"{'label': 'LABEL_1', 'score': 0.9994404911994934}",short_jokes-693,0,reddit_jokes_last_laught
364,"{'label': 'LABEL_0', 'score': 0.9797295331954956}",short_jokes-693,0,reddit_jokes_last_laught
365,"{'label': 'LABEL_1', 'score': 0.9993832111358643}",short_jokes-693,0,reddit_jokes_last_laught
366,"{'label': 'LABEL_1', 'score': 0.9994325041770935}",short_jokes-693,0,reddit_jokes_last_laught
367,"{'label': 'LABEL_1', 'score': 0.999417781829834}",short_jokes-693,0,reddit_jokes_last_laught
368,"{'label': 'LABEL_1', 'score': 0.9994367957115173}",short_jokes-693,0,reddit_jokes_last_laught
369,"{'label': 'LABEL_1', 'score': 0.9881505966186523}",short_jokes-693,0,reddit_jokes_last_laught
370,"{'label': 'LABEL_1', 'score': 0.9994275569915771}",short_jokes-693,0,reddit_jokes_last_laught
371,"{'label': 'LABEL_1', 'score': 0.9991784691810608}",short_jokes-693,0,reddit_jokes_last_laught
372,"{'label': 'LABEL_1', 'score': 0.997307538986206}",short_jokes-693,0,reddit_jokes_last_laught
373,"{'label': 'LABEL_0', 'score': 0.9840609431266785}",short_jokes-693,0,reddit_jokes_last_laught
374,"{'label': 'LABEL_1', 'score': 0.9993985891342163}",short_jokes-693,0,reddit_jokes_last_laught
375,"{'label': 'LABEL_1', 'score': 0.9992347955703735}",short_jokes-693,0,reddit_jokes_last_laught
376,"{'label': 'LABEL_0', 'score': 0.9907373785972595}",short_jokes-693,0,reddit_jokes_last_laught
377,"{'label': 'LABEL_1', 'score': 0.8616428375244141}",short_jokes-693,0,reddit_jokes_last_laught
378,"{'label': 'LABEL_0', 'score': 0.9456996917724609}",short_jokes-693,0,reddit_jokes_last_laught
379,"{'label': 'LABEL_1', 'score': 0.9108898639678955}",short_jokes-693,0,reddit_jokes_last_laught
380,"{'label': 'LABEL_1', 'score': 0.9994390606880188}",short_jokes-693,0,reddit_jokes_last_laught
381,"{'label': 'LABEL_1', 'score': 0.9994165897369385}",short_jokes-693,0,reddit_jokes_last_laught
382,"{'label': 'LABEL_1', 'score': 0.9582639336585999}",short_jokes-693,0,reddit_jokes_last_laught
383,"{'label': 'LABEL_1', 'score': 0.9994348883628845}",short_jokes-693,0,reddit_jokes_last_laught
384,"{'label': 'LABEL_1', 'score': 0.9988829493522644}",short_jokes-693,0,reddit_jokes_last_laught
385,"{'label': 'LABEL_1', 'score': 0.9992232322692871}",short_jokes-693,0,reddit_jokes_last_laught
386,"{'label': 'LABEL_1', 'score': 0.9993719458580017}",short_jokes-693,0,reddit_jokes_last_laught
387,"{'label': 'LABEL_0', 'score': 0.9968968629837036}",short_jokes-693,0,reddit_jokes_last_laught
388,"{'label': 'LABEL_0', 'score': 0.9958957433700562}",short_jokes-693,0,reddit_jokes_last_laught
389,"{'label': 'LABEL_1', 'score': 0.9992570281028748}",short_jokes-693,0,reddit_jokes_last_laught
390,"{'label': 'LABEL_1', 'score': 0.9994066953659058}",short_jokes-693,0,reddit_jokes_last_laught
391,"{'label': 'LABEL_1', 'score': 0.9994207620620728}",short_jokes-693,0,reddit_jokes_last_laught
392,"{'label': 'LABEL_1', 'score': 0.999186098575592}",short_jokes-693,0,reddit_jokes_last_laught
393,"{'label': 'LABEL_1', 'score': 0.9994376301765442}",short_jokes-693,0,reddit_jokes_last_laught
394,"{'label': 'LABEL_0', 'score': 0.8866108059883118}",short_jokes-693,0,reddit_jokes_last_laught
395,"{'label': 'LABEL_1', 'score': 0.9425593018531799}",short_jokes-693,0,reddit_jokes_last_laught
396,"{'label': 'LABEL_1', 'score': 0.5108895301818848}",short_jokes-693,0,reddit_jokes_last_laught
397,"{'label': 'LABEL_1', 'score': 0.9679039716720581}",short_jokes-693,0,reddit_jokes_last_laught
398,"{'label': 'LABEL_1', 'score': 0.9992884397506714}",short_jokes-693,0,reddit_jokes_last_laught
399,"{'label': 'LABEL_1', 'score': 0.9993057250976562}",short_jokes-693,0,reddit_jokes_last_laught
400,"{'label': 'LABEL_1', 'score': 0.9785964488983154}",short_jokes-693,0,reddit_jokes_last_laught
401,"{'label': 'LABEL_1', 'score': 0.9994428753852844}",short_jokes-693,0,reddit_jokes_last_laught
402,"{'label': 'LABEL_1', 'score': 0.9992817044258118}",short_jokes-693,0,reddit_jokes_last_laught
403,"{'label': 'LABEL_0', 'score': 0.986514151096344}",short_jokes-693,0,reddit_jokes_last_laught
404,"{'label': 'LABEL_1', 'score': 0.9991517066955566}",short_jokes-693,0,reddit_jokes_last_laught
405,"{'label': 'LABEL_0', 'score': 0.9945449829101562}",short_jokes-693,0,reddit_jokes_last_laught
406,"{'label': 'LABEL_1', 'score': 0.9994266033172607}",short_jokes-693,0,reddit_jokes_last_laught
407,"{'label': 'LABEL_1', 'score': 0.9992469549179077}",short_jokes-693,0,reddit_jokes_last_laught
408,"{'label': 'LABEL_1', 'score': 0.5492909550666809}",short_jokes-693,0,reddit_jokes_last_laught
409,"{'label': 'LABEL_1', 'score': 0.7360425591468811}",short_jokes-693,0,reddit_jokes_last_laught
410,"{'label': 'LABEL_1', 'score': 0.9993964433670044}",short_jokes-693,0,reddit_jokes_last_laught
411,"{'label': 'LABEL_1', 'score': 0.9994520545005798}",short_jokes-693,0,reddit_jokes_last_laught
412,"{'label': 'LABEL_1', 'score': 0.9344544410705566}",short_jokes-693,0,reddit_jokes_last_laught
413,"{'label': 'LABEL_1', 'score': 0.9994126558303833}",short_jokes-693,0,reddit_jokes_last_laught
414,"{'label': 'LABEL_1', 'score': 0.9993657469749451}",short_jokes-693,0,reddit_jokes_last_laught
415,"{'label': 'LABEL_0', 'score': 0.9856022000312805}",short_jokes-693,0,reddit_jokes_last_laught
416,"{'label': 'LABEL_1', 'score': 0.9994596838951111}",short_jokes-693,0,reddit_jokes_last_laught
417,"{'label': 'LABEL_0', 'score': 0.9747056365013123}",short_jokes-693,0,reddit_jokes_last_laught
418,"{'label': 'LABEL_1', 'score': 0.9994465708732605}",short_jokes-693,0,reddit_jokes_last_laught
419,"{'label': 'LABEL_1', 'score': 0.9994553923606873}",short_jokes-693,0,reddit_jokes_last_laught
420,"{'label': 'LABEL_1', 'score': 0.9994601607322693}",short_jokes-693,0,reddit_jokes_last_laught
421,"{'label': 'LABEL_0', 'score': 0.9925034046173096}",short_jokes-693,0,reddit_jokes_last_laught
422,"{'label': 'LABEL_1', 'score': 0.9993969202041626}",short_jokes-693,0,reddit_jokes_last_laught
423,"{'label': 'LABEL_1', 'score': 0.9992788434028625}",short_jokes-693,0,reddit_jokes_last_laught
424,"{'label': 'LABEL_1', 'score': 0.9994213581085205}",short_jokes-693,0,reddit_jokes_last_laught
425,"{'label': 'LABEL_1', 'score': 0.9963123202323914}",short_jokes-693,0,reddit_jokes_last_laught
426,"{'label': 'LABEL_1', 'score': 0.9844415783882141}",short_jokes-693,0,reddit_jokes_last_laught
427,"{'label': 'LABEL_0', 'score': 0.9921292066574097}",short_jokes-693,0,reddit_jokes_last_laught
428,"{'label': 'LABEL_1', 'score': 0.9994511008262634}",short_jokes-693,0,reddit_jokes_last_laught
429,"{'label': 'LABEL_1', 'score': 0.999428927898407}",short_jokes-693,0,reddit_jokes_last_laught
430,"{'label': 'LABEL_1', 'score': 0.9994389414787292}",short_jokes-693,0,reddit_jokes_last_laught
431,"{'label': 'LABEL_1', 'score': 0.9469060897827148}",short_jokes-693,0,reddit_jokes_last_laught
432,"{'label': 'LABEL_1', 'score': 0.999404788017273}",short_jokes-693,0,reddit_jokes_last_laught
433,"{'label': 'LABEL_1', 'score': 0.942340612411499}",short_jokes-693,0,reddit_jokes_last_laught
434,"{'label': 'LABEL_1', 'score': 0.9994491934776306}",short_jokes-693,0,reddit_jokes_last_laught
435,"{'label': 'LABEL_1', 'score': 0.9994381070137024}",short_jokes-693,0,reddit_jokes_last_laught
436,"{'label': 'LABEL_1', 'score': 0.9993414282798767}",short_jokes-693,0,reddit_jokes_last_laught
437,"{'label': 'LABEL_0', 'score': 0.9911215305328369}",short_jokes-693,0,reddit_jokes_last_laught
438,"{'label': 'LABEL_1', 'score': 0.9645713567733765}",short_jokes-693,0,reddit_jokes_last_laught
439,"{'label': 'LABEL_1', 'score': 0.9778322577476501}",short_jokes-693,0,reddit_jokes_last_laught
440,"{'label': 'LABEL_1', 'score': 0.9192019701004028}",short_jokes-693,0,reddit_jokes_last_laught
441,"{'label': 'LABEL_0', 'score': 0.9869679808616638}",short_jokes-693,0,reddit_jokes_last_laught
442,"{'label': 'LABEL_1', 'score': 0.9994089603424072}",short_jokes-693,0,reddit_jokes_last_laught
443,"{'label': 'LABEL_1', 'score': 0.9993878602981567}",short_jokes-693,0,reddit_jokes_last_laught
444,"{'label': 'LABEL_0', 'score': 0.9906777143478394}",short_jokes-693,0,reddit_jokes_last_laught
445,"{'label': 'LABEL_1', 'score': 0.9993999004364014}",short_jokes-693,0,reddit_jokes_last_laught
446,"{'label': 'LABEL_1', 'score': 0.9993699193000793}",short_jokes-693,0,reddit_jokes_last_laught
447,"{'label': 'LABEL_0', 'score': 0.9870504140853882}",short_jokes-693,0,reddit_jokes_last_laught
448,"{'label': 'LABEL_1', 'score': 0.9883622527122498}",short_jokes-693,0,reddit_jokes_last_laught
449,"{'label': 'LABEL_1', 'score': 0.9994533658027649}",short_jokes-693,0,reddit_jokes_last_laught
450,"{'label': 'LABEL_1', 'score': 0.992206871509552}",short_jokes-693,0,reddit_jokes_last_laught
451,"{'label': 'LABEL_1', 'score': 0.9993496537208557}",short_jokes-693,0,reddit_jokes_last_laught
452,"{'label': 'LABEL_1', 'score': 0.998977780342102}",short_jokes-693,0,reddit_jokes_last_laught
453,"{'label': 'LABEL_1', 'score': 0.9994051456451416}",short_jokes-693,0,reddit_jokes_last_laught
454,"{'label': 'LABEL_0', 'score': 0.9958043694496155}",short_jokes-693,0,reddit_jokes_last_laught
455,"{'label': 'LABEL_1', 'score': 0.999451220035553}",short_jokes-693,0,reddit_jokes_last_laught
456,"{'label': 'LABEL_1', 'score': 0.8172397613525391}",short_jokes-693,0,reddit_jokes_last_laught
457,"{'label': 'LABEL_1', 'score': 0.9991827607154846}",short_jokes-693,0,reddit_jokes_last_laught
458,"{'label': 'LABEL_1', 'score': 0.938386857509613}",short_jokes-693,0,reddit_jokes_last_laught
459,"{'label': 'LABEL_1', 'score': 0.9992485642433167}",short_jokes-693,0,reddit_jokes_last_laught
460,"{'label': 'LABEL_1', 'score': 0.9994425177574158}",short_jokes-693,0,reddit_jokes_last_laught
461,"{'label': 'LABEL_0', 'score': 0.9792392253875732}",short_jokes-693,0,reddit_jokes_last_laught
462,"{'label': 'LABEL_1', 'score': 0.8766787648200989}",short_jokes-693,0,reddit_jokes_last_laught
463,"{'label': 'LABEL_1', 'score': 0.9994175434112549}",short_jokes-693,0,reddit_jokes_last_laught
464,"{'label': 'LABEL_1', 'score': 0.9993995428085327}",short_jokes-693,0,reddit_jokes_last_laught
465,"{'label': 'LABEL_1', 'score': 0.9360002875328064}",short_jokes-693,0,reddit_jokes_last_laught
466,"{'label': 'LABEL_1', 'score': 0.9994046688079834}",short_jokes-693,0,reddit_jokes_last_laught
467,"{'label': 'LABEL_1', 'score': 0.8900672793388367}",short_jokes-693,0,reddit_jokes_last_laught
468,"{'label': 'LABEL_1', 'score': 0.9994433522224426}",short_jokes-693,0,reddit_jokes_last_laught
469,"{'label': 'LABEL_1', 'score': 0.9994338154792786}",short_jokes-693,0,reddit_jokes_last_laught
470,"{'label': 'LABEL_1', 'score': 0.9145873785018921}",short_jokes-693,0,reddit_jokes_last_laught
471,"{'label': 'LABEL_1', 'score': 0.99652099609375}",short_jokes-693,0,reddit_jokes_last_laught
472,"{'label': 'LABEL_1', 'score': 0.9812595248222351}",short_jokes-693,0,reddit_jokes_last_laught
473,"{'label': 'LABEL_0', 'score': 0.9893737435340881}",short_jokes-693,0,reddit_jokes_last_laught
474,"{'label': 'LABEL_1', 'score': 0.9216797351837158}",short_jokes-693,0,reddit_jokes_last_laught
475,"{'label': 'LABEL_1', 'score': 0.7707098722457886}",short_jokes-693,0,reddit_jokes_last_laught
476,"{'label': 'LABEL_1', 'score': 0.947471022605896}",short_jokes-693,0,reddit_jokes_last_laught
477,"{'label': 'LABEL_1', 'score': 0.9993958473205566}",short_jokes-693,0,reddit_jokes_last_laught
478,"{'label': 'LABEL_1', 'score': 0.9993939399719238}",short_jokes-693,0,reddit_jokes_last_laught
479,"{'label': 'LABEL_1', 'score': 0.9989487528800964}",short_jokes-693,0,reddit_jokes_last_laught
480,"{'label': 'LABEL_1', 'score': 0.5373294353485107}",short_jokes-693,0,reddit_jokes_last_laught
481,"{'label': 'LABEL_1', 'score': 0.8982299566268921}",short_jokes-693,0,reddit_jokes_last_laught
482,"{'label': 'LABEL_1', 'score': 0.7876017689704895}",short_jokes-693,0,reddit_jokes_last_laught
483,"{'label': 'LABEL_1', 'score': 0.9994412064552307}",short_jokes-693,0,reddit_jokes_last_laught
484,"{'label': 'LABEL_1', 'score': 0.9973905682563782}",short_jokes-693,0,reddit_jokes_last_laught
485,"{'label': 'LABEL_1', 'score': 0.999426007270813}",short_jokes-693,0,reddit_jokes_last_laught
486,"{'label': 'LABEL_1', 'score': 0.9992197751998901}",short_jokes-693,0,reddit_jokes_last_laught
487,"{'label': 'LABEL_1', 'score': 0.8911241888999939}",short_jokes-693,0,reddit_jokes_last_laught
488,"{'label': 'LABEL_1', 'score': 0.9994481205940247}",short_jokes-693,0,reddit_jokes_last_laught
489,"{'label': 'LABEL_1', 'score': 0.9994458556175232}",short_jokes-693,0,reddit_jokes_last_laught
490,"{'label': 'LABEL_1', 'score': 0.9992977380752563}",short_jokes-693,0,reddit_jokes_last_laught
491,"{'label': 'LABEL_1', 'score': 0.9994345307350159}",short_jokes-693,0,reddit_jokes_last_laught
492,"{'label': 'LABEL_1', 'score': 0.9993566870689392}",short_jokes-693,0,reddit_jokes_last_laught
493,"{'label': 'LABEL_0', 'score': 0.763921320438385}",short_jokes-693,0,reddit_jokes_last_laught
494,"{'label': 'LABEL_1', 'score': 0.9993775486946106}",short_jokes-693,0,reddit_jokes_last_laught
495,"{'label': 'LABEL_1', 'score': 0.947776734828949}",short_jokes-693,0,reddit_jokes_last_laught
496,"{'label': 'LABEL_1', 'score': 0.9990382194519043}",short_jokes-693,0,reddit_jokes_last_laught
497,"{'label': 'LABEL_1', 'score': 0.9993903636932373}",short_jokes-693,0,reddit_jokes_last_laught
498,"{'label': 'LABEL_1', 'score': 0.999329686164856}",short_jokes-693,0,reddit_jokes_last_laught
499,"{'label': 'LABEL_1', 'score': 0.9989250302314758}",short_jokes-693,0,reddit_jokes_last_laught
500,"{'label': 'LABEL_1', 'score': 0.9993752837181091}",short_jokes-693,0,reddit_jokes_last_laught
501,"{'label': 'LABEL_1', 'score': 0.999354898929596}",short_jokes-693,0,reddit_jokes_last_laught
502,"{'label': 'LABEL_1', 'score': 0.9993830919265747}",short_jokes-693,0,reddit_jokes_last_laught
503,"{'label': 'LABEL_0', 'score': 0.9757816791534424}",short_jokes-693,0,reddit_jokes_last_laught
504,"{'label': 'LABEL_1', 'score': 0.9421111941337585}",short_jokes-693,0,reddit_jokes_last_laught
505,"{'label': 'LABEL_0', 'score': 0.6484261751174927}",short_jokes-693,0,reddit_jokes_last_laught
506,"{'label': 'LABEL_0', 'score': 0.9826886653900146}",short_jokes-693,0,reddit_jokes_last_laught
507,"{'label': 'LABEL_1', 'score': 0.9993788003921509}",short_jokes-693,0,reddit_jokes_last_laught
508,"{'label': 'LABEL_1', 'score': 0.9991820454597473}",short_jokes-693,0,reddit_jokes_last_laught
509,"{'label': 'LABEL_0', 'score': 0.9883757829666138}",short_jokes-693,0,reddit_jokes_last_laught
510,"{'label': 'LABEL_1', 'score': 0.9994398951530457}",short_jokes-693,0,reddit_jokes_last_laught
511,"{'label': 'LABEL_0', 'score': 0.98058021068573}",short_jokes-693,0,reddit_jokes_last_laught
512,"{'label': 'LABEL_1', 'score': 0.5577076077461243}",short_jokes-693,0,reddit_jokes_last_laught
513,"{'label': 'LABEL_1', 'score': 0.9113916158676147}",short_jokes-693,0,reddit_jokes_last_laught
514,"{'label': 'LABEL_1', 'score': 0.9994580149650574}",short_jokes-693,0,reddit_jokes_last_laught
515,"{'label': 'LABEL_1', 'score': 0.9993983507156372}",short_jokes-693,0,reddit_jokes_last_laught
516,"{'label': 'LABEL_0', 'score': 0.9927099943161011}",short_jokes-693,0,reddit_jokes_last_laught
517,"{'label': 'LABEL_1', 'score': 0.9801532030105591}",short_jokes-693,0,reddit_jokes_last_laught
518,"{'label': 'LABEL_0', 'score': 0.5218246579170227}",short_jokes-693,0,reddit_jokes_last_laught
519,"{'label': 'LABEL_1', 'score': 0.8901656866073608}",short_jokes-693,0,reddit_jokes_last_laught
520,"{'label': 'LABEL_1', 'score': 0.9990406632423401}",short_jokes-693,0,reddit_jokes_last_laught
521,"{'label': 'LABEL_0', 'score': 0.9955433011054993}",short_jokes-693,0,reddit_jokes_last_laught
522,"{'label': 'LABEL_1', 'score': 0.904726505279541}",short_jokes-693,0,reddit_jokes_last_laught
523,"{'label': 'LABEL_1', 'score': 0.7041298151016235}",short_jokes-693,0,reddit_jokes_last_laught
524,"{'label': 'LABEL_1', 'score': 0.9994319081306458}",short_jokes-693,0,reddit_jokes_last_laught
525,"{'label': 'LABEL_1', 'score': 0.9624240398406982}",short_jokes-693,0,reddit_jokes_last_laught
526,"{'label': 'LABEL_1', 'score': 0.9993941783905029}",short_jokes-693,0,reddit_jokes_last_laught
527,"{'label': 'LABEL_1', 'score': 0.9994320273399353}",short_jokes-693,0,reddit_jokes_last_laught
528,"{'label': 'LABEL_1', 'score': 0.9994423985481262}",short_jokes-693,0,reddit_jokes_last_laught
529,"{'label': 'LABEL_1', 'score': 0.9993423819541931}",short_jokes-693,0,reddit_jokes_last_laught
530,"{'label': 'LABEL_1', 'score': 0.9981195330619812}",short_jokes-693,0,reddit_jokes_last_laught
531,"{'label': 'LABEL_1', 'score': 0.998988926410675}",short_jokes-693,0,reddit_jokes_last_laught
532,"{'label': 'LABEL_1', 'score': 0.9216183423995972}",short_jokes-693,0,reddit_jokes_last_laught
533,"{'label': 'LABEL_1', 'score': 0.9970545768737793}",short_jokes-693,0,reddit_jokes_last_laught
534,"{'label': 'LABEL_1', 'score': 0.999419093132019}",short_jokes-693,0,reddit_jokes_last_laught
535,"{'label': 'LABEL_1', 'score': 0.9990893602371216}",short_jokes-693,0,reddit_jokes_last_laught
536,"{'label': 'LABEL_0', 'score': 0.9938659071922302}",short_jokes-693,0,reddit_jokes_last_laught
537,"{'label': 'LABEL_1', 'score': 0.9994237422943115}",short_jokes-693,0,reddit_jokes_last_laught
538,"{'label': 'LABEL_1', 'score': 0.9104186296463013}",short_jokes-693,0,reddit_jokes_last_laught
539,"{'label': 'LABEL_1', 'score': 0.9993607401847839}",short_jokes-693,0,reddit_jokes_last_laught
540,"{'label': 'LABEL_0', 'score': 0.9867825508117676}",short_jokes-693,0,reddit_jokes_last_laught
541,"{'label': 'LABEL_1', 'score': 0.997289776802063}",short_jokes-693,0,reddit_jokes_last_laught
542,"{'label': 'LABEL_1', 'score': 0.9994331002235413}",short_jokes-693,0,reddit_jokes_last_laught
543,"{'label': 'LABEL_1', 'score': 0.9993634819984436}",short_jokes-693,0,reddit_jokes_last_laught
544,"{'label': 'LABEL_1', 'score': 0.9994420409202576}",short_jokes-693,0,reddit_jokes_last_laught
545,"{'label': 'LABEL_0', 'score': 0.9971305727958679}",short_jokes-693,0,reddit_jokes_last_laught
546,"{'label': 'LABEL_1', 'score': 0.872686505317688}",short_jokes-693,0,reddit_jokes_last_laught
547,"{'label': 'LABEL_1', 'score': 0.9993568062782288}",short_jokes-693,0,reddit_jokes_last_laught
548,"{'label': 'LABEL_1', 'score': 0.9979305267333984}",short_jokes-693,0,reddit_jokes_last_laught
549,"{'label': 'LABEL_1', 'score': 0.9988994598388672}",short_jokes-693,0,reddit_jokes_last_laught
550,"{'label': 'LABEL_1', 'score': 0.9994198083877563}",short_jokes-693,0,reddit_jokes_last_laught
551,"{'label': 'LABEL_1', 'score': 0.8359156847000122}",short_jokes-693,0,reddit_jokes_last_laught
552,"{'label': 'LABEL_1', 'score': 0.9506227374076843}",short_jokes-693,0,reddit_jokes_last_laught
553,"{'label': 'LABEL_0', 'score': 0.991353452205658}",short_jokes-693,0,reddit_jokes_last_laught
554,"{'label': 'LABEL_1', 'score': 0.9662702083587646}",short_jokes-693,0,reddit_jokes_last_laught
555,"{'label': 'LABEL_1', 'score': 0.9992875456809998}",short_jokes-693,0,reddit_jokes_last_laught
556,"{'label': 'LABEL_1', 'score': 0.999346911907196}",short_jokes-693,0,reddit_jokes_last_laught
557,"{'label': 'LABEL_1', 'score': 0.9993999004364014}",short_jokes-693,0,reddit_jokes_last_laught
558,"{'label': 'LABEL_1', 'score': 0.9992761015892029}",short_jokes-693,0,reddit_jokes_last_laught
559,"{'label': 'LABEL_1', 'score': 0.9993348717689514}",short_jokes-693,0,reddit_jokes_last_laught
560,"{'label': 'LABEL_1', 'score': 0.99941086769104}",short_jokes-693,0,reddit_jokes_last_laught
561,"{'label': 'LABEL_1', 'score': 0.9985277652740479}",short_jokes-693,0,reddit_jokes_last_laught
562,"{'label': 'LABEL_1', 'score': 0.9608678817749023}",short_jokes-693,0,reddit_jokes_last_laught
563,"{'label': 'LABEL_1', 'score': 0.9991031885147095}",short_jokes-693,0,reddit_jokes_last_laught
564,"{'label': 'LABEL_1', 'score': 0.9994507431983948}",short_jokes-693,0,reddit_jokes_last_laught
565,"{'label': 'LABEL_0', 'score': 0.973488986492157}",short_jokes-693,0,reddit_jokes_last_laught
566,"{'label': 'LABEL_1', 'score': 0.999459445476532}",short_jokes-693,0,reddit_jokes_last_laught
567,"{'label': 'LABEL_0', 'score': 0.9099474549293518}",short_jokes-693,0,reddit_jokes_last_laught
568,"{'label': 'LABEL_1', 'score': 0.9993621706962585}",short_jokes-693,0,reddit_jokes_last_laught
569,"{'label': 'LABEL_1', 'score': 0.9994516968727112}",short_jokes-693,0,reddit_jokes_last_laught
570,"{'label': 'LABEL_1', 'score': 0.9994457364082336}",short_jokes-693,0,reddit_jokes_last_laught
571,"{'label': 'LABEL_1', 'score': 0.9993593096733093}",short_jokes-693,0,reddit_jokes_last_laught
572,"{'label': 'LABEL_1', 'score': 0.9994503855705261}",short_jokes-693,0,reddit_jokes_last_laught
573,"{'label': 'LABEL_1', 'score': 0.9994169473648071}",short_jokes-693,0,reddit_jokes_last_laught
574,"{'label': 'LABEL_1', 'score': 0.9941145777702332}",short_jokes-693,0,reddit_jokes_last_laught
575,"{'label': 'LABEL_0', 'score': 0.8994958400726318}",short_jokes-693,0,reddit_jokes_last_laught
576,"{'label': 'LABEL_1', 'score': 0.9989913105964661}",short_jokes-693,0,reddit_jokes_last_laught
577,"{'label': 'LABEL_1', 'score': 0.9994311928749084}",short_jokes-693,0,reddit_jokes_last_laught
578,"{'label': 'LABEL_1', 'score': 0.999283492565155}",short_jokes-693,0,reddit_jokes_last_laught
579,"{'label': 'LABEL_1', 'score': 0.9344368577003479}",short_jokes-693,0,reddit_jokes_last_laught
580,"{'label': 'LABEL_1', 'score': 0.5987776517868042}",short_jokes-693,0,reddit_jokes_last_laught
581,"{'label': 'LABEL_0', 'score': 0.9876584410667419}",short_jokes-693,0,reddit_jokes_last_laught
582,"{'label': 'LABEL_1', 'score': 0.9877197742462158}",short_jokes-693,0,reddit_jokes_last_laught
583,"{'label': 'LABEL_1', 'score': 0.915657639503479}",short_jokes-693,0,reddit_jokes_last_laught
584,"{'label': 'LABEL_0', 'score': 0.937580943107605}",short_jokes-693,0,reddit_jokes_last_laught
585,"{'label': 'LABEL_1', 'score': 0.9268442988395691}",short_jokes-693,0,reddit_jokes_last_laught
586,"{'label': 'LABEL_1', 'score': 0.9992638230323792}",short_jokes-693,0,reddit_jokes_last_laught
587,"{'label': 'LABEL_1', 'score': 0.9993892908096313}",short_jokes-693,0,reddit_jokes_last_laught
588,"{'label': 'LABEL_1', 'score': 0.9994227886199951}",short_jokes-693,0,reddit_jokes_last_laught
589,"{'label': 'LABEL_1', 'score': 0.9990866184234619}",short_jokes-693,0,reddit_jokes_last_laught
590,"{'label': 'LABEL_1', 'score': 0.9994317889213562}",short_jokes-693,0,reddit_jokes_last_laught
591,"{'label': 'LABEL_1', 'score': 0.9785370826721191}",short_jokes-693,0,reddit_jokes_last_laught
592,"{'label': 'LABEL_1', 'score': 0.9989598989486694}",short_jokes-693,0,reddit_jokes_last_laught
593,"{'label': 'LABEL_1', 'score': 0.9993757605552673}",short_jokes-693,0,reddit_jokes_last_laught
594,"{'label': 'LABEL_1', 'score': 0.9632691144943237}",short_jokes-693,0,reddit_jokes_last_laught
595,"{'label': 'LABEL_1', 'score': 0.9993909597396851}",short_jokes-693,0,reddit_jokes_last_laught
596,"{'label': 'LABEL_0', 'score': 0.9987744688987732}",short_jokes-693,0,reddit_jokes_last_laught
597,"{'label': 'LABEL_1', 'score': 0.9994165897369385}",short_jokes-693,0,reddit_jokes_last_laught
598,"{'label': 'LABEL_1', 'score': 0.999420166015625}",short_jokes-693,0,reddit_jokes_last_laught
599,"{'label': 'LABEL_0', 'score': 0.9915010929107666}",short_jokes-693,0,reddit_jokes_last_laught
600,"{'label': 'LABEL_1', 'score': 0.8846111297607422}",short_jokes-693,0,reddit_jokes_last_laught
601,"{'label': 'LABEL_1', 'score': 0.9769769310951233}",short_jokes-693,0,reddit_jokes_last_laught
602,"{'label': 'LABEL_1', 'score': 0.9994602799415588}",short_jokes-693,0,reddit_jokes_last_laught
603,"{'label': 'LABEL_1', 'score': 0.9700010418891907}",short_jokes-693,0,reddit_jokes_last_laught
604,"{'label': 'LABEL_1', 'score': 0.8039247989654541}",short_jokes-693,0,reddit_jokes_last_laught
605,"{'label': 'LABEL_1', 'score': 0.9994051456451416}",short_jokes-693,0,reddit_jokes_last_laught
606,"{'label': 'LABEL_1', 'score': 0.7785187363624573}",short_jokes-693,0,reddit_jokes_last_laught
607,"{'label': 'LABEL_1', 'score': 0.999369204044342}",short_jokes-693,0,reddit_jokes_last_laught
