,preds,trained_on,test_on
0,"{'label': 'LABEL_0', 'score': 0.9377428889274597}",one_liners-47,curiousity
1,"{'label': 'LABEL_0', 'score': 0.9570818543434143}",one_liners-47,curiousity
2,"{'label': 'LABEL_0', 'score': 0.8599206209182739}",one_liners-47,curiousity
3,"{'label': 'LABEL_0', 'score': 0.5014087557792664}",one_liners-47,curiousity
4,"{'label': 'LABEL_0', 'score': 0.6413837671279907}",one_liners-47,curiousity
5,"{'label': 'LABEL_0', 'score': 0.7359923720359802}",one_liners-47,curiousity
6,"{'label': 'LABEL_0', 'score': 0.7630079388618469}",one_liners-47,curiousity
7,"{'label': 'LABEL_0', 'score': 0.9846582412719727}",one_liners-47,curiousity
8,"{'label': 'LABEL_0', 'score': 0.5915955305099487}",one_liners-47,curiousity
9,"{'label': 'LABEL_0', 'score': 0.8082323670387268}",one_liners-47,curiousity
10,"{'label': 'LABEL_0', 'score': 0.5665209889411926}",one_liners-47,curiousity
11,"{'label': 'LABEL_1', 'score': 0.9141178131103516}",one_liners-47,curiousity
12,"{'label': 'LABEL_0', 'score': 0.5252545475959778}",one_liners-47,curiousity
13,"{'label': 'LABEL_0', 'score': 0.6548827290534973}",one_liners-47,curiousity
14,"{'label': 'LABEL_0', 'score': 0.6533114314079285}",one_liners-47,curiousity
15,"{'label': 'LABEL_0', 'score': 0.9911447167396545}",one_liners-47,curiousity
16,"{'label': 'LABEL_0', 'score': 0.986739993095398}",one_liners-47,curiousity
17,"{'label': 'LABEL_0', 'score': 0.9796282649040222}",one_liners-47,curiousity
18,"{'label': 'LABEL_0', 'score': 0.5141749978065491}",one_liners-47,curiousity
19,"{'label': 'LABEL_0', 'score': 0.658804714679718}",one_liners-47,curiousity
20,"{'label': 'LABEL_0', 'score': 0.8467552661895752}",one_liners-47,curiousity
21,"{'label': 'LABEL_0', 'score': 0.5890143513679504}",one_liners-47,curiousity
22,"{'label': 'LABEL_0', 'score': 0.5909006595611572}",one_liners-47,curiousity
23,"{'label': 'LABEL_0', 'score': 0.5541465282440186}",one_liners-47,curiousity
24,"{'label': 'LABEL_0', 'score': 0.6209161281585693}",one_liners-47,curiousity
25,"{'label': 'LABEL_1', 'score': 0.5015539526939392}",one_liners-47,curiousity
26,"{'label': 'LABEL_0', 'score': 0.6593859791755676}",one_liners-47,curiousity
27,"{'label': 'LABEL_0', 'score': 0.9864829182624817}",one_liners-47,curiousity
28,"{'label': 'LABEL_0', 'score': 0.7115482091903687}",one_liners-47,curiousity
29,"{'label': 'LABEL_0', 'score': 0.9157503247261047}",one_liners-47,curiousity
30,"{'label': 'LABEL_0', 'score': 0.9062769412994385}",one_liners-47,curiousity
31,"{'label': 'LABEL_0', 'score': 0.7678519487380981}",one_liners-47,curiousity
32,"{'label': 'LABEL_0', 'score': 0.7019067406654358}",one_liners-47,curiousity
33,"{'label': 'LABEL_0', 'score': 0.7429080009460449}",one_liners-47,curiousity
34,"{'label': 'LABEL_0', 'score': 0.6668791770935059}",one_liners-47,curiousity
35,"{'label': 'LABEL_0', 'score': 0.5766088366508484}",one_liners-47,curiousity
36,"{'label': 'LABEL_0', 'score': 0.7280184030532837}",one_liners-47,curiousity
37,"{'label': 'LABEL_0', 'score': 0.5935302972793579}",one_liners-47,curiousity
38,"{'label': 'LABEL_0', 'score': 0.9522503018379211}",one_liners-47,curiousity
39,"{'label': 'LABEL_0', 'score': 0.9672213196754456}",one_liners-47,curiousity
40,"{'label': 'LABEL_0', 'score': 0.9841668605804443}",one_liners-47,curiousity
41,"{'label': 'LABEL_0', 'score': 0.9828469157218933}",one_liners-47,curiousity
42,"{'label': 'LABEL_1', 'score': 0.7879757881164551}",one_liners-47,curiousity
43,"{'label': 'LABEL_0', 'score': 0.5884495973587036}",one_liners-47,curiousity
44,"{'label': 'LABEL_1', 'score': 0.545960009098053}",one_liners-47,curiousity
45,"{'label': 'LABEL_0', 'score': 0.5903077125549316}",one_liners-47,curiousity
46,"{'label': 'LABEL_1', 'score': 0.5526910424232483}",one_liners-47,curiousity
47,"{'label': 'LABEL_0', 'score': 0.5137231349945068}",one_liners-47,curiousity
48,"{'label': 'LABEL_0', 'score': 0.6088439226150513}",one_liners-47,curiousity
49,"{'label': 'LABEL_0', 'score': 0.5529959797859192}",one_liners-47,curiousity
50,"{'label': 'LABEL_0', 'score': 0.572162926197052}",one_liners-47,curiousity
51,"{'label': 'LABEL_1', 'score': 0.5689885020256042}",one_liners-47,curiousity
52,"{'label': 'LABEL_1', 'score': 0.5424182415008545}",one_liners-47,curiousity
53,"{'label': 'LABEL_0', 'score': 0.5092804431915283}",one_liners-47,curiousity
54,"{'label': 'LABEL_1', 'score': 0.90592360496521}",one_liners-47,curiousity
55,"{'label': 'LABEL_0', 'score': 0.6243721842765808}",one_liners-47,curiousity
56,"{'label': 'LABEL_0', 'score': 0.552410364151001}",one_liners-47,curiousity
57,"{'label': 'LABEL_1', 'score': 0.6401574611663818}",one_liners-47,curiousity
58,"{'label': 'LABEL_1', 'score': 0.6865314245223999}",one_liners-47,curiousity
59,"{'label': 'LABEL_0', 'score': 0.9303739666938782}",one_liners-47,curiousity
60,"{'label': 'LABEL_0', 'score': 0.8989673852920532}",one_liners-47,curiousity
61,"{'label': 'LABEL_0', 'score': 0.7565896511077881}",one_liners-47,curiousity
62,"{'label': 'LABEL_0', 'score': 0.7234412431716919}",one_liners-47,curiousity
63,"{'label': 'LABEL_0', 'score': 0.7136722803115845}",one_liners-47,curiousity
64,"{'label': 'LABEL_1', 'score': 0.6920166015625}",one_liners-47,curiousity
65,"{'label': 'LABEL_1', 'score': 0.6719301342964172}",one_liners-47,curiousity
66,"{'label': 'LABEL_0', 'score': 0.6627653241157532}",one_liners-47,curiousity
67,"{'label': 'LABEL_0', 'score': 0.7627955675125122}",one_liners-47,curiousity
68,"{'label': 'LABEL_0', 'score': 0.7705519795417786}",one_liners-47,curiousity
69,"{'label': 'LABEL_1', 'score': 0.5396983623504639}",one_liners-47,curiousity
70,"{'label': 'LABEL_1', 'score': 0.5287655591964722}",one_liners-47,curiousity
71,"{'label': 'LABEL_0', 'score': 0.5210126042366028}",one_liners-47,curiousity
72,"{'label': 'LABEL_0', 'score': 0.9244617819786072}",one_liners-47,curiousity
73,"{'label': 'LABEL_0', 'score': 0.987524151802063}",one_liners-47,curiousity
74,"{'label': 'LABEL_0', 'score': 0.9814060926437378}",one_liners-47,curiousity
75,"{'label': 'LABEL_1', 'score': 0.6154112219810486}",one_liners-47,curiousity
76,"{'label': 'LABEL_1', 'score': 0.6342036724090576}",one_liners-47,curiousity
77,"{'label': 'LABEL_1', 'score': 0.7270068526268005}",one_liners-47,curiousity
78,"{'label': 'LABEL_0', 'score': 0.6380059123039246}",one_liners-47,curiousity
79,"{'label': 'LABEL_0', 'score': 0.9379214644432068}",one_liners-47,curiousity
80,"{'label': 'LABEL_0', 'score': 0.8282508850097656}",one_liners-47,curiousity
81,"{'label': 'LABEL_0', 'score': 0.8358058333396912}",one_liners-47,curiousity
82,"{'label': 'LABEL_0', 'score': 0.9857565760612488}",one_liners-47,curiousity
83,"{'label': 'LABEL_0', 'score': 0.5113168358802795}",one_liners-47,curiousity
84,"{'label': 'LABEL_1', 'score': 0.5654866099357605}",one_liners-47,curiousity
85,"{'label': 'LABEL_1', 'score': 0.5410795211791992}",one_liners-47,curiousity
86,"{'label': 'LABEL_1', 'score': 0.9537938237190247}",one_liners-47,curiousity
87,"{'label': 'LABEL_1', 'score': 0.7491836547851562}",one_liners-47,curiousity
88,"{'label': 'LABEL_0', 'score': 0.9781216382980347}",one_liners-47,curiousity
89,"{'label': 'LABEL_0', 'score': 0.9442832469940186}",one_liners-47,curiousity
90,"{'label': 'LABEL_0', 'score': 0.9434118866920471}",one_liners-47,curiousity
91,"{'label': 'LABEL_0', 'score': 0.5859993100166321}",one_liners-47,curiousity
92,"{'label': 'LABEL_1', 'score': 0.5568031668663025}",one_liners-47,curiousity
93,"{'label': 'LABEL_0', 'score': 0.5317585468292236}",one_liners-47,curiousity
94,"{'label': 'LABEL_1', 'score': 0.500535249710083}",one_liners-47,curiousity
95,"{'label': 'LABEL_0', 'score': 0.5039127469062805}",one_liners-47,curiousity
96,"{'label': 'LABEL_1', 'score': 0.5037186145782471}",one_liners-47,curiousity
97,"{'label': 'LABEL_0', 'score': 0.5200994610786438}",one_liners-47,curiousity
98,"{'label': 'LABEL_0', 'score': 0.587382435798645}",one_liners-47,curiousity
99,"{'label': 'LABEL_0', 'score': 0.5021965503692627}",one_liners-47,curiousity
100,"{'label': 'LABEL_1', 'score': 0.5735577344894409}",one_liners-47,curiousity
101,"{'label': 'LABEL_0', 'score': 0.7365447282791138}",one_liners-47,curiousity
102,"{'label': 'LABEL_1', 'score': 0.5318227410316467}",one_liners-47,curiousity
103,"{'label': 'LABEL_0', 'score': 0.8196266293525696}",one_liners-47,curiousity
104,"{'label': 'LABEL_0', 'score': 0.8427025079727173}",one_liners-47,curiousity
105,"{'label': 'LABEL_0', 'score': 0.7282772660255432}",one_liners-47,curiousity
106,"{'label': 'LABEL_0', 'score': 0.6936046481132507}",one_liners-47,curiousity
107,"{'label': 'LABEL_0', 'score': 0.8174961805343628}",one_liners-47,curiousity
108,"{'label': 'LABEL_0', 'score': 0.6471512913703918}",one_liners-47,curiousity
109,"{'label': 'LABEL_0', 'score': 0.6263613104820251}",one_liners-47,curiousity
110,"{'label': 'LABEL_0', 'score': 0.5677947402000427}",one_liners-47,curiousity
111,"{'label': 'LABEL_1', 'score': 0.6117902398109436}",one_liners-47,curiousity
112,"{'label': 'LABEL_1', 'score': 0.5977349281311035}",one_liners-47,curiousity
113,"{'label': 'LABEL_0', 'score': 0.9507745504379272}",one_liners-47,curiousity
114,"{'label': 'LABEL_0', 'score': 0.5709694623947144}",one_liners-47,curiousity
115,"{'label': 'LABEL_0', 'score': 0.6948362588882446}",one_liners-47,curiousity
116,"{'label': 'LABEL_0', 'score': 0.6887329816818237}",one_liners-47,curiousity
117,"{'label': 'LABEL_1', 'score': 0.6010417938232422}",one_liners-47,curiousity
118,"{'label': 'LABEL_0', 'score': 0.5459105968475342}",one_liners-47,curiousity
119,"{'label': 'LABEL_1', 'score': 0.7131340503692627}",one_liners-47,curiousity
120,"{'label': 'LABEL_1', 'score': 0.5634318590164185}",one_liners-47,curiousity
121,"{'label': 'LABEL_0', 'score': 0.8587905764579773}",one_liners-47,curiousity
122,"{'label': 'LABEL_0', 'score': 0.9389915466308594}",one_liners-47,curiousity
123,"{'label': 'LABEL_0', 'score': 0.5868709087371826}",one_liners-47,curiousity
124,"{'label': 'LABEL_1', 'score': 0.504382848739624}",one_liners-47,curiousity
125,"{'label': 'LABEL_0', 'score': 0.5651394724845886}",one_liners-47,curiousity
126,"{'label': 'LABEL_0', 'score': 0.5404394865036011}",one_liners-47,curiousity
127,"{'label': 'LABEL_0', 'score': 0.7728509902954102}",one_liners-47,curiousity
128,"{'label': 'LABEL_0', 'score': 0.9937387704849243}",one_liners-47,curiousity
129,"{'label': 'LABEL_0', 'score': 0.7463446855545044}",one_liners-47,curiousity
130,"{'label': 'LABEL_0', 'score': 0.814332127571106}",one_liners-47,curiousity
131,"{'label': 'LABEL_0', 'score': 0.7127962112426758}",one_liners-47,curiousity
132,"{'label': 'LABEL_0', 'score': 0.6511456370353699}",one_liners-47,curiousity
133,"{'label': 'LABEL_0', 'score': 0.8064894676208496}",one_liners-47,curiousity
134,"{'label': 'LABEL_0', 'score': 0.656588077545166}",one_liners-47,curiousity
135,"{'label': 'LABEL_0', 'score': 0.5657574534416199}",one_liners-47,curiousity
136,"{'label': 'LABEL_0', 'score': 0.8993708491325378}",one_liners-47,curiousity
137,"{'label': 'LABEL_0', 'score': 0.9872922897338867}",one_liners-47,curiousity
138,"{'label': 'LABEL_0', 'score': 0.9468392729759216}",one_liners-47,curiousity
139,"{'label': 'LABEL_0', 'score': 0.8247653245925903}",one_liners-47,curiousity
140,"{'label': 'LABEL_0', 'score': 0.7538883686065674}",one_liners-47,curiousity
141,"{'label': 'LABEL_1', 'score': 0.7007273435592651}",one_liners-47,curiousity
142,"{'label': 'LABEL_0', 'score': 0.7918288707733154}",one_liners-47,curiousity
143,"{'label': 'LABEL_1', 'score': 0.7819947004318237}",one_liners-47,curiousity
144,"{'label': 'LABEL_1', 'score': 0.8280035853385925}",one_liners-47,curiousity
145,"{'label': 'LABEL_0', 'score': 0.6843109726905823}",one_liners-47,curiousity
146,"{'label': 'LABEL_0', 'score': 0.5891073942184448}",one_liners-47,curiousity
147,"{'label': 'LABEL_0', 'score': 0.64504474401474}",one_liners-47,curiousity
148,"{'label': 'LABEL_0', 'score': 0.8658650517463684}",one_liners-47,curiousity
149,"{'label': 'LABEL_1', 'score': 0.6086273789405823}",one_liners-47,curiousity
150,"{'label': 'LABEL_0', 'score': 0.9371368288993835}",one_liners-47,curiousity
151,"{'label': 'LABEL_0', 'score': 0.6133158802986145}",one_liners-47,curiousity
152,"{'label': 'LABEL_0', 'score': 0.7113736271858215}",one_liners-47,curiousity
153,"{'label': 'LABEL_1', 'score': 0.6707844138145447}",one_liners-47,curiousity
154,"{'label': 'LABEL_1', 'score': 0.7438375353813171}",one_liners-47,curiousity
155,"{'label': 'LABEL_0', 'score': 0.9476863741874695}",one_liners-47,curiousity
156,"{'label': 'LABEL_0', 'score': 0.856269121170044}",one_liners-47,curiousity
157,"{'label': 'LABEL_0', 'score': 0.7565646767616272}",one_liners-47,curiousity
158,"{'label': 'LABEL_0', 'score': 0.7177745699882507}",one_liners-47,curiousity
159,"{'label': 'LABEL_0', 'score': 0.6823696494102478}",one_liners-47,curiousity
160,"{'label': 'LABEL_0', 'score': 0.5625559091567993}",one_liners-47,curiousity
161,"{'label': 'LABEL_1', 'score': 0.6234624981880188}",one_liners-47,curiousity
162,"{'label': 'LABEL_0', 'score': 0.7064599990844727}",one_liners-47,curiousity
163,"{'label': 'LABEL_0', 'score': 0.6696648597717285}",one_liners-47,curiousity
164,"{'label': 'LABEL_0', 'score': 0.912702739238739}",one_liners-47,curiousity
165,"{'label': 'LABEL_0', 'score': 0.5704270005226135}",one_liners-47,curiousity
166,"{'label': 'LABEL_0', 'score': 0.9729669690132141}",one_liners-47,curiousity
167,"{'label': 'LABEL_0', 'score': 0.9693815112113953}",one_liners-47,curiousity
168,"{'label': 'LABEL_0', 'score': 0.844038724899292}",one_liners-47,curiousity
169,"{'label': 'LABEL_0', 'score': 0.6300173401832581}",one_liners-47,curiousity
170,"{'label': 'LABEL_0', 'score': 0.6882568597793579}",one_liners-47,curiousity
171,"{'label': 'LABEL_1', 'score': 0.5929453372955322}",one_liners-47,curiousity
172,"{'label': 'LABEL_0', 'score': 0.5976824164390564}",one_liners-47,curiousity
173,"{'label': 'LABEL_0', 'score': 0.7595973014831543}",one_liners-47,curiousity
174,"{'label': 'LABEL_0', 'score': 0.9656549692153931}",one_liners-47,curiousity
175,"{'label': 'LABEL_1', 'score': 0.5196021795272827}",one_liners-47,curiousity
176,"{'label': 'LABEL_0', 'score': 0.6880993843078613}",one_liners-47,curiousity
177,"{'label': 'LABEL_0', 'score': 0.8088247776031494}",one_liners-47,curiousity
178,"{'label': 'LABEL_1', 'score': 0.6269510984420776}",one_liners-47,curiousity
179,"{'label': 'LABEL_0', 'score': 0.6697176098823547}",one_liners-47,curiousity
180,"{'label': 'LABEL_0', 'score': 0.7893807291984558}",one_liners-47,curiousity
181,"{'label': 'LABEL_0', 'score': 0.6512656807899475}",one_liners-47,curiousity
182,"{'label': 'LABEL_0', 'score': 0.738206684589386}",one_liners-47,curiousity
183,"{'label': 'LABEL_0', 'score': 0.8788143396377563}",one_liners-47,curiousity
184,"{'label': 'LABEL_0', 'score': 0.77664715051651}",one_liners-47,curiousity
185,"{'label': 'LABEL_0', 'score': 0.5971376895904541}",one_liners-47,curiousity
186,"{'label': 'LABEL_0', 'score': 0.6527191400527954}",one_liners-47,curiousity
187,"{'label': 'LABEL_0', 'score': 0.5731949210166931}",one_liners-47,curiousity
188,"{'label': 'LABEL_0', 'score': 0.7572327852249146}",one_liners-47,curiousity
189,"{'label': 'LABEL_0', 'score': 0.8831079602241516}",one_liners-47,curiousity
190,"{'label': 'LABEL_0', 'score': 0.605260968208313}",one_liners-47,curiousity
191,"{'label': 'LABEL_0', 'score': 0.7101811766624451}",one_liners-47,curiousity
192,"{'label': 'LABEL_0', 'score': 0.9651229977607727}",one_liners-47,curiousity
193,"{'label': 'LABEL_0', 'score': 0.8335728049278259}",one_liners-47,curiousity
194,"{'label': 'LABEL_0', 'score': 0.6845942735671997}",one_liners-47,curiousity
195,"{'label': 'LABEL_0', 'score': 0.6393356323242188}",one_liners-47,curiousity
196,"{'label': 'LABEL_1', 'score': 0.7673110365867615}",one_liners-47,curiousity
197,"{'label': 'LABEL_0', 'score': 0.7043588161468506}",one_liners-47,curiousity
198,"{'label': 'LABEL_0', 'score': 0.8074466586112976}",one_liners-47,curiousity
199,"{'label': 'LABEL_0', 'score': 0.7445012331008911}",one_liners-47,curiousity
200,"{'label': 'LABEL_0', 'score': 0.5951676368713379}",one_liners-47,curiousity
201,"{'label': 'LABEL_1', 'score': 0.5576573610305786}",one_liners-47,curiousity
202,"{'label': 'LABEL_1', 'score': 0.6894559264183044}",one_liners-47,curiousity
203,"{'label': 'LABEL_0', 'score': 0.6226916313171387}",one_liners-47,curiousity
204,"{'label': 'LABEL_0', 'score': 0.5739052891731262}",one_liners-47,curiousity
205,"{'label': 'LABEL_1', 'score': 0.5488075017929077}",one_liners-47,curiousity
206,"{'label': 'LABEL_0', 'score': 0.533666729927063}",one_liners-47,curiousity
207,"{'label': 'LABEL_0', 'score': 0.8453523516654968}",one_liners-47,curiousity
208,"{'label': 'LABEL_0', 'score': 0.766202986240387}",one_liners-47,curiousity
209,"{'label': 'LABEL_1', 'score': 0.7213916182518005}",one_liners-47,curiousity
210,"{'label': 'LABEL_0', 'score': 0.9599252343177795}",one_liners-47,curiousity
211,"{'label': 'LABEL_0', 'score': 0.8536015748977661}",one_liners-47,curiousity
212,"{'label': 'LABEL_0', 'score': 0.8804556131362915}",one_liners-47,curiousity
213,"{'label': 'LABEL_0', 'score': 0.5141988396644592}",one_liners-47,curiousity
214,"{'label': 'LABEL_0', 'score': 0.7117972373962402}",one_liners-47,curiousity
215,"{'label': 'LABEL_1', 'score': 0.6211611032485962}",one_liners-47,curiousity
216,"{'label': 'LABEL_1', 'score': 0.7163650393486023}",one_liners-47,curiousity
217,"{'label': 'LABEL_0', 'score': 0.7611734867095947}",one_liners-47,curiousity
218,"{'label': 'LABEL_1', 'score': 0.6448415517807007}",one_liners-47,curiousity
219,"{'label': 'LABEL_1', 'score': 0.6950715780258179}",one_liners-47,curiousity
220,"{'label': 'LABEL_0', 'score': 0.5137563943862915}",one_liners-47,curiousity
221,"{'label': 'LABEL_0', 'score': 0.7192615270614624}",one_liners-47,curiousity
222,"{'label': 'LABEL_1', 'score': 0.7718250155448914}",one_liners-47,curiousity
223,"{'label': 'LABEL_1', 'score': 0.8397136926651001}",one_liners-47,curiousity
224,"{'label': 'LABEL_0', 'score': 0.6861869096755981}",one_liners-47,curiousity
225,"{'label': 'LABEL_0', 'score': 0.6846632957458496}",one_liners-47,curiousity
226,"{'label': 'LABEL_0', 'score': 0.953677237033844}",one_liners-47,curiousity
227,"{'label': 'LABEL_0', 'score': 0.8945768475532532}",one_liners-47,curiousity
228,"{'label': 'LABEL_0', 'score': 0.921680748462677}",one_liners-47,curiousity
229,"{'label': 'LABEL_0', 'score': 0.9254561066627502}",one_liners-47,curiousity
230,"{'label': 'LABEL_0', 'score': 0.8431203365325928}",one_liners-47,curiousity
231,"{'label': 'LABEL_0', 'score': 0.8609873056411743}",one_liners-47,curiousity
232,"{'label': 'LABEL_0', 'score': 0.9073886871337891}",one_liners-47,curiousity
233,"{'label': 'LABEL_0', 'score': 0.762116551399231}",one_liners-47,curiousity
234,"{'label': 'LABEL_0', 'score': 0.7654682993888855}",one_liners-47,curiousity
235,"{'label': 'LABEL_0', 'score': 0.8157382011413574}",one_liners-47,curiousity
236,"{'label': 'LABEL_0', 'score': 0.8808969259262085}",one_liners-47,curiousity
237,"{'label': 'LABEL_0', 'score': 0.8889179229736328}",one_liners-47,curiousity
238,"{'label': 'LABEL_0', 'score': 0.6315616965293884}",one_liners-47,curiousity
239,"{'label': 'LABEL_0', 'score': 0.8715770244598389}",one_liners-47,curiousity
240,"{'label': 'LABEL_0', 'score': 0.8219773173332214}",one_liners-47,curiousity
241,"{'label': 'LABEL_0', 'score': 0.751890242099762}",one_liners-47,curiousity
242,"{'label': 'LABEL_1', 'score': 0.5505238771438599}",one_liners-47,curiousity
243,"{'label': 'LABEL_1', 'score': 0.5281689763069153}",one_liners-47,curiousity
244,"{'label': 'LABEL_0', 'score': 0.9606378674507141}",one_liners-47,curiousity
245,"{'label': 'LABEL_0', 'score': 0.8180837631225586}",one_liners-47,curiousity
246,"{'label': 'LABEL_0', 'score': 0.7749480605125427}",one_liners-47,curiousity
247,"{'label': 'LABEL_0', 'score': 0.7565284371376038}",one_liners-47,curiousity
248,"{'label': 'LABEL_0', 'score': 0.8127524256706238}",one_liners-47,curiousity
249,"{'label': 'LABEL_0', 'score': 0.5722758769989014}",one_liners-47,curiousity
250,"{'label': 'LABEL_0', 'score': 0.5466289520263672}",one_liners-47,curiousity
251,"{'label': 'LABEL_1', 'score': 0.9065690040588379}",one_liners-47,curiousity
252,"{'label': 'LABEL_0', 'score': 0.6656295657157898}",one_liners-47,curiousity
253,"{'label': 'LABEL_0', 'score': 0.9332623481750488}",one_liners-47,curiousity
254,"{'label': 'LABEL_0', 'score': 0.807199239730835}",one_liners-47,curiousity
255,"{'label': 'LABEL_0', 'score': 0.737700879573822}",one_liners-47,curiousity
256,"{'label': 'LABEL_0', 'score': 0.671587347984314}",one_liners-47,curiousity
257,"{'label': 'LABEL_1', 'score': 0.5479677319526672}",one_liners-47,curiousity
258,"{'label': 'LABEL_1', 'score': 0.515402615070343}",one_liners-47,curiousity
259,"{'label': 'LABEL_0', 'score': 0.8169135451316833}",one_liners-47,curiousity
260,"{'label': 'LABEL_0', 'score': 0.5743972063064575}",one_liners-47,curiousity
261,"{'label': 'LABEL_1', 'score': 0.8897788524627686}",one_liners-47,curiousity
262,"{'label': 'LABEL_0', 'score': 0.6797427535057068}",one_liners-47,curiousity
263,"{'label': 'LABEL_0', 'score': 0.5657596588134766}",one_liners-47,curiousity
264,"{'label': 'LABEL_0', 'score': 0.6014407277107239}",one_liners-47,curiousity
265,"{'label': 'LABEL_1', 'score': 0.5511597394943237}",one_liners-47,curiousity
266,"{'label': 'LABEL_0', 'score': 0.5954422950744629}",one_liners-47,curiousity
267,"{'label': 'LABEL_1', 'score': 0.5249276757240295}",one_liners-47,curiousity
268,"{'label': 'LABEL_0', 'score': 0.7535619139671326}",one_liners-47,curiousity
269,"{'label': 'LABEL_0', 'score': 0.7009238600730896}",one_liners-47,curiousity
270,"{'label': 'LABEL_0', 'score': 0.7914567589759827}",one_liners-47,curiousity
271,"{'label': 'LABEL_0', 'score': 0.5280722975730896}",one_liners-47,curiousity
272,"{'label': 'LABEL_0', 'score': 0.8535049557685852}",one_liners-47,curiousity
273,"{'label': 'LABEL_0', 'score': 0.7692744135856628}",one_liners-47,curiousity
274,"{'label': 'LABEL_0', 'score': 0.9457262754440308}",one_liners-47,curiousity
275,"{'label': 'LABEL_0', 'score': 0.8473495244979858}",one_liners-47,curiousity
276,"{'label': 'LABEL_0', 'score': 0.8288376927375793}",one_liners-47,curiousity
277,"{'label': 'LABEL_0', 'score': 0.7681230306625366}",one_liners-47,curiousity
278,"{'label': 'LABEL_0', 'score': 0.9258585572242737}",one_liners-47,curiousity
279,"{'label': 'LABEL_0', 'score': 0.9549154043197632}",one_liners-47,curiousity
280,"{'label': 'LABEL_0', 'score': 0.8664249181747437}",one_liners-47,curiousity
281,"{'label': 'LABEL_0', 'score': 0.8749831914901733}",one_liners-47,curiousity
282,"{'label': 'LABEL_1', 'score': 0.7627128958702087}",one_liners-47,curiousity
283,"{'label': 'LABEL_0', 'score': 0.7543486952781677}",one_liners-47,curiousity
284,"{'label': 'LABEL_0', 'score': 0.8715431690216064}",one_liners-47,curiousity
285,"{'label': 'LABEL_0', 'score': 0.597986102104187}",one_liners-47,curiousity
286,"{'label': 'LABEL_0', 'score': 0.6311575770378113}",one_liners-47,curiousity
287,"{'label': 'LABEL_0', 'score': 0.5062425136566162}",one_liners-47,curiousity
288,"{'label': 'LABEL_0', 'score': 0.5672048926353455}",one_liners-47,curiousity
289,"{'label': 'LABEL_0', 'score': 0.8078629970550537}",one_liners-47,curiousity
290,"{'label': 'LABEL_0', 'score': 0.7956012487411499}",one_liners-47,curiousity
291,"{'label': 'LABEL_1', 'score': 0.51052325963974}",one_liners-47,curiousity
292,"{'label': 'LABEL_1', 'score': 0.5679672360420227}",one_liners-47,curiousity
293,"{'label': 'LABEL_0', 'score': 0.6192424893379211}",one_liners-47,curiousity
294,"{'label': 'LABEL_0', 'score': 0.6944473385810852}",one_liners-47,curiousity
295,"{'label': 'LABEL_1', 'score': 0.5224635601043701}",one_liners-47,curiousity
296,"{'label': 'LABEL_0', 'score': 0.6042022705078125}",one_liners-47,curiousity
297,"{'label': 'LABEL_0', 'score': 0.6165288686752319}",one_liners-47,curiousity
298,"{'label': 'LABEL_0', 'score': 0.6340453624725342}",one_liners-47,curiousity
299,"{'label': 'LABEL_0', 'score': 0.5567158460617065}",one_liners-47,curiousity
300,"{'label': 'LABEL_1', 'score': 0.7684142589569092}",one_liners-47,curiousity
301,"{'label': 'LABEL_0', 'score': 0.5482230186462402}",one_liners-47,curiousity
302,"{'label': 'LABEL_0', 'score': 0.5750748515129089}",one_liners-47,curiousity
303,"{'label': 'LABEL_1', 'score': 0.5740291476249695}",one_liners-47,curiousity
304,"{'label': 'LABEL_0', 'score': 0.640189528465271}",one_liners-47,curiousity
305,"{'label': 'LABEL_0', 'score': 0.691211998462677}",one_liners-47,curiousity
306,"{'label': 'LABEL_0', 'score': 0.6594906449317932}",one_liners-47,curiousity
307,"{'label': 'LABEL_0', 'score': 0.7402561902999878}",one_liners-47,curiousity
308,"{'label': 'LABEL_0', 'score': 0.5739396810531616}",one_liners-47,curiousity
309,"{'label': 'LABEL_1', 'score': 0.514596700668335}",one_liners-47,curiousity
310,"{'label': 'LABEL_0', 'score': 0.6683228611946106}",one_liners-47,curiousity
311,"{'label': 'LABEL_0', 'score': 0.5387933850288391}",one_liners-47,curiousity
312,"{'label': 'LABEL_0', 'score': 0.5202115178108215}",one_liners-47,curiousity
313,"{'label': 'LABEL_0', 'score': 0.6041706204414368}",one_liners-47,curiousity
314,"{'label': 'LABEL_1', 'score': 0.5563014149665833}",one_liners-47,curiousity
315,"{'label': 'LABEL_1', 'score': 0.8356454968452454}",one_liners-47,curiousity
316,"{'label': 'LABEL_1', 'score': 0.533013641834259}",one_liners-47,curiousity
317,"{'label': 'LABEL_1', 'score': 0.5772041082382202}",one_liners-47,curiousity
318,"{'label': 'LABEL_1', 'score': 0.6108884215354919}",one_liners-47,curiousity
319,"{'label': 'LABEL_1', 'score': 0.5236830711364746}",one_liners-47,curiousity
320,"{'label': 'LABEL_1', 'score': 0.545251190662384}",one_liners-47,curiousity
321,"{'label': 'LABEL_1', 'score': 0.5360124707221985}",one_liners-47,curiousity
322,"{'label': 'LABEL_0', 'score': 0.5716992020606995}",one_liners-47,curiousity
323,"{'label': 'LABEL_0', 'score': 0.5576332211494446}",one_liners-47,curiousity
324,"{'label': 'LABEL_0', 'score': 0.5291805267333984}",one_liners-47,curiousity
325,"{'label': 'LABEL_0', 'score': 0.598858118057251}",one_liners-47,curiousity
326,"{'label': 'LABEL_0', 'score': 0.8587847948074341}",one_liners-47,curiousity
327,"{'label': 'LABEL_0', 'score': 0.8221389651298523}",one_liners-47,curiousity
328,"{'label': 'LABEL_0', 'score': 0.585157036781311}",one_liners-47,curiousity
329,"{'label': 'LABEL_0', 'score': 0.8139482140541077}",one_liners-47,curiousity
330,"{'label': 'LABEL_1', 'score': 0.730124294757843}",one_liners-47,curiousity
331,"{'label': 'LABEL_1', 'score': 0.848264217376709}",one_liners-47,curiousity
332,"{'label': 'LABEL_1', 'score': 0.897082507610321}",one_liners-47,curiousity
333,"{'label': 'LABEL_0', 'score': 0.7678484320640564}",one_liners-47,curiousity
334,"{'label': 'LABEL_0', 'score': 0.8891966342926025}",one_liners-47,curiousity
335,"{'label': 'LABEL_0', 'score': 0.7962014675140381}",one_liners-47,curiousity
336,"{'label': 'LABEL_0', 'score': 0.8568610548973083}",one_liners-47,curiousity
337,"{'label': 'LABEL_0', 'score': 0.7877312898635864}",one_liners-47,curiousity
338,"{'label': 'LABEL_0', 'score': 0.8155282735824585}",one_liners-47,curiousity
339,"{'label': 'LABEL_0', 'score': 0.8774096369743347}",one_liners-47,curiousity
340,"{'label': 'LABEL_0', 'score': 0.7075476050376892}",one_liners-47,curiousity
341,"{'label': 'LABEL_0', 'score': 0.8140045404434204}",one_liners-47,curiousity
342,"{'label': 'LABEL_0', 'score': 0.5461267828941345}",one_liners-47,curiousity
343,"{'label': 'LABEL_0', 'score': 0.6088285446166992}",one_liners-47,curiousity
344,"{'label': 'LABEL_0', 'score': 0.7271866202354431}",one_liners-47,curiousity
345,"{'label': 'LABEL_0', 'score': 0.8743240833282471}",one_liners-47,curiousity
346,"{'label': 'LABEL_0', 'score': 0.5213978886604309}",one_liners-47,curiousity
347,"{'label': 'LABEL_0', 'score': 0.6300645470619202}",one_liners-47,curiousity
348,"{'label': 'LABEL_0', 'score': 0.5895815491676331}",one_liners-47,curiousity
349,"{'label': 'LABEL_0', 'score': 0.7105354070663452}",one_liners-47,curiousity
350,"{'label': 'LABEL_1', 'score': 0.5578793287277222}",one_liners-47,curiousity
351,"{'label': 'LABEL_1', 'score': 0.6235389709472656}",one_liners-47,curiousity
352,"{'label': 'LABEL_1', 'score': 0.5018825531005859}",one_liners-47,curiousity
353,"{'label': 'LABEL_1', 'score': 0.7709341049194336}",one_liners-47,curiousity
354,"{'label': 'LABEL_0', 'score': 0.7125935554504395}",one_liners-47,curiousity
355,"{'label': 'LABEL_0', 'score': 0.6876242160797119}",one_liners-47,curiousity
356,"{'label': 'LABEL_0', 'score': 0.7843561172485352}",one_liners-47,curiousity
357,"{'label': 'LABEL_1', 'score': 0.61527419090271}",one_liners-47,curiousity
358,"{'label': 'LABEL_1', 'score': 0.6091541647911072}",one_liners-47,curiousity
359,"{'label': 'LABEL_0', 'score': 0.5786239504814148}",one_liners-47,curiousity
360,"{'label': 'LABEL_1', 'score': 0.6298421621322632}",one_liners-47,curiousity
361,"{'label': 'LABEL_1', 'score': 0.5778495669364929}",one_liners-47,curiousity
362,"{'label': 'LABEL_1', 'score': 0.7231500148773193}",one_liners-47,curiousity
363,"{'label': 'LABEL_1', 'score': 0.6412415504455566}",one_liners-47,curiousity
364,"{'label': 'LABEL_0', 'score': 0.8760939240455627}",one_liners-47,curiousity
365,"{'label': 'LABEL_1', 'score': 0.6669792532920837}",one_liners-47,curiousity
366,"{'label': 'LABEL_1', 'score': 0.934800922870636}",one_liners-47,curiousity
367,"{'label': 'LABEL_1', 'score': 0.8413963317871094}",one_liners-47,curiousity
368,"{'label': 'LABEL_0', 'score': 0.73344886302948}",one_liners-47,curiousity
369,"{'label': 'LABEL_0', 'score': 0.5735549330711365}",one_liners-47,curiousity
370,"{'label': 'LABEL_1', 'score': 0.6204849481582642}",one_liners-47,curiousity
371,"{'label': 'LABEL_1', 'score': 0.5455102324485779}",one_liners-47,curiousity
372,"{'label': 'LABEL_0', 'score': 0.5544479489326477}",one_liners-47,curiousity
373,"{'label': 'LABEL_0', 'score': 0.9229525923728943}",one_liners-47,curiousity
374,"{'label': 'LABEL_0', 'score': 0.537847638130188}",one_liners-47,curiousity
375,"{'label': 'LABEL_0', 'score': 0.5564045310020447}",one_liners-47,curiousity
376,"{'label': 'LABEL_0', 'score': 0.7391141653060913}",one_liners-47,curiousity
377,"{'label': 'LABEL_0', 'score': 0.6564664244651794}",one_liners-47,curiousity
378,"{'label': 'LABEL_0', 'score': 0.6106812953948975}",one_liners-47,curiousity
379,"{'label': 'LABEL_0', 'score': 0.606939971446991}",one_liners-47,curiousity
380,"{'label': 'LABEL_0', 'score': 0.6445402503013611}",one_liners-47,curiousity
381,"{'label': 'LABEL_0', 'score': 0.6140753626823425}",one_liners-47,curiousity
382,"{'label': 'LABEL_1', 'score': 0.5657106637954712}",one_liners-47,curiousity
383,"{'label': 'LABEL_1', 'score': 0.6872660517692566}",one_liners-47,curiousity
384,"{'label': 'LABEL_1', 'score': 0.5528548955917358}",one_liners-47,curiousity
385,"{'label': 'LABEL_0', 'score': 0.6540012955665588}",one_liners-47,curiousity
386,"{'label': 'LABEL_1', 'score': 0.6105958819389343}",one_liners-47,curiousity
387,"{'label': 'LABEL_1', 'score': 0.5852242708206177}",one_liners-47,curiousity
388,"{'label': 'LABEL_0', 'score': 0.569604754447937}",one_liners-47,curiousity
389,"{'label': 'LABEL_1', 'score': 0.5028406381607056}",one_liners-47,curiousity
390,"{'label': 'LABEL_0', 'score': 0.7337156534194946}",one_liners-47,curiousity
391,"{'label': 'LABEL_0', 'score': 0.6722258925437927}",one_liners-47,curiousity
392,"{'label': 'LABEL_1', 'score': 0.7405054569244385}",one_liners-47,curiousity
393,"{'label': 'LABEL_1', 'score': 0.6882876753807068}",one_liners-47,curiousity
394,"{'label': 'LABEL_0', 'score': 0.9899969100952148}",one_liners-47,curiousity
395,"{'label': 'LABEL_0', 'score': 0.9768029451370239}",one_liners-47,curiousity
396,"{'label': 'LABEL_0', 'score': 0.7414466738700867}",one_liners-47,curiousity
397,"{'label': 'LABEL_0', 'score': 0.665950357913971}",one_liners-47,curiousity
398,"{'label': 'LABEL_0', 'score': 0.5341671705245972}",one_liners-47,curiousity
399,"{'label': 'LABEL_0', 'score': 0.5909985303878784}",one_liners-47,curiousity
400,"{'label': 'LABEL_0', 'score': 0.6697655320167542}",one_liners-47,curiousity
401,"{'label': 'LABEL_0', 'score': 0.6262093186378479}",one_liners-47,curiousity
402,"{'label': 'LABEL_1', 'score': 0.5575172305107117}",one_liners-47,curiousity
403,"{'label': 'LABEL_1', 'score': 0.6835398077964783}",one_liners-47,curiousity
404,"{'label': 'LABEL_0', 'score': 0.849403440952301}",one_liners-47,curiousity
405,"{'label': 'LABEL_0', 'score': 0.7780493497848511}",one_liners-47,curiousity
406,"{'label': 'LABEL_0', 'score': 0.73269122838974}",one_liners-47,curiousity
407,"{'label': 'LABEL_0', 'score': 0.6758692860603333}",one_liners-47,curiousity
408,"{'label': 'LABEL_0', 'score': 0.9409602284431458}",one_liners-47,curiousity
409,"{'label': 'LABEL_0', 'score': 0.8767426609992981}",one_liners-47,curiousity
410,"{'label': 'LABEL_0', 'score': 0.792934238910675}",one_liners-47,curiousity
411,"{'label': 'LABEL_0', 'score': 0.8075019717216492}",one_liners-47,curiousity
412,"{'label': 'LABEL_0', 'score': 0.5061545372009277}",one_liners-47,curiousity
413,"{'label': 'LABEL_1', 'score': 0.5764748454093933}",one_liners-47,curiousity
414,"{'label': 'LABEL_0', 'score': 0.6872391104698181}",one_liners-47,curiousity
415,"{'label': 'LABEL_0', 'score': 0.7151237726211548}",one_liners-47,curiousity
416,"{'label': 'LABEL_0', 'score': 0.6096038818359375}",one_liners-47,curiousity
417,"{'label': 'LABEL_0', 'score': 0.8139377236366272}",one_liners-47,curiousity
418,"{'label': 'LABEL_0', 'score': 0.7597382664680481}",one_liners-47,curiousity
419,"{'label': 'LABEL_0', 'score': 0.628452718257904}",one_liners-47,curiousity
420,"{'label': 'LABEL_0', 'score': 0.8237468600273132}",one_liners-47,curiousity
421,"{'label': 'LABEL_0', 'score': 0.566796600818634}",one_liners-47,curiousity
422,"{'label': 'LABEL_0', 'score': 0.6739254593849182}",one_liners-47,curiousity
423,"{'label': 'LABEL_1', 'score': 0.5862475633621216}",one_liners-47,curiousity
424,"{'label': 'LABEL_1', 'score': 0.5955939292907715}",one_liners-47,curiousity
425,"{'label': 'LABEL_0', 'score': 0.5953510403633118}",one_liners-47,curiousity
426,"{'label': 'LABEL_0', 'score': 0.6632530093193054}",one_liners-47,curiousity
427,"{'label': 'LABEL_0', 'score': 0.5416898131370544}",one_liners-47,curiousity
428,"{'label': 'LABEL_0', 'score': 0.6732860207557678}",one_liners-47,curiousity
429,"{'label': 'LABEL_0', 'score': 0.740309476852417}",one_liners-47,curiousity
430,"{'label': 'LABEL_1', 'score': 0.7098838090896606}",one_liners-47,curiousity
431,"{'label': 'LABEL_0', 'score': 0.8871196508407593}",one_liners-47,curiousity
432,"{'label': 'LABEL_0', 'score': 0.7658926248550415}",one_liners-47,curiousity
433,"{'label': 'LABEL_1', 'score': 0.6343512535095215}",one_liners-47,curiousity
434,"{'label': 'LABEL_1', 'score': 0.7912258505821228}",one_liners-47,curiousity
435,"{'label': 'LABEL_0', 'score': 0.5726181864738464}",one_liners-47,curiousity
436,"{'label': 'LABEL_1', 'score': 0.7593569755554199}",one_liners-47,curiousity
437,"{'label': 'LABEL_1', 'score': 0.8090105652809143}",one_liners-47,curiousity
438,"{'label': 'LABEL_0', 'score': 0.5586103200912476}",one_liners-47,curiousity
439,"{'label': 'LABEL_0', 'score': 0.749966561794281}",one_liners-47,curiousity
440,"{'label': 'LABEL_0', 'score': 0.562822163105011}",one_liners-47,curiousity
441,"{'label': 'LABEL_0', 'score': 0.718368649482727}",one_liners-47,curiousity
442,"{'label': 'LABEL_0', 'score': 0.9639779925346375}",one_liners-47,curiousity
443,"{'label': 'LABEL_0', 'score': 0.800267219543457}",one_liners-47,curiousity
444,"{'label': 'LABEL_0', 'score': 0.7407638430595398}",one_liners-47,curiousity
445,"{'label': 'LABEL_0', 'score': 0.8741838335990906}",one_liners-47,curiousity
446,"{'label': 'LABEL_0', 'score': 0.6104920506477356}",one_liners-47,curiousity
447,"{'label': 'LABEL_0', 'score': 0.7460035085678101}",one_liners-47,curiousity
448,"{'label': 'LABEL_0', 'score': 0.8162047266960144}",one_liners-47,curiousity
449,"{'label': 'LABEL_0', 'score': 0.634497880935669}",one_liners-47,curiousity
450,"{'label': 'LABEL_0', 'score': 0.9662837982177734}",one_liners-47,curiousity
451,"{'label': 'LABEL_0', 'score': 0.9767683744430542}",one_liners-47,curiousity
452,"{'label': 'LABEL_0', 'score': 0.7804931998252869}",one_liners-47,curiousity
453,"{'label': 'LABEL_0', 'score': 0.7272710204124451}",one_liners-47,curiousity
454,"{'label': 'LABEL_1', 'score': 0.5679304003715515}",one_liners-47,curiousity
455,"{'label': 'LABEL_1', 'score': 0.6028133034706116}",one_liners-47,curiousity
456,"{'label': 'LABEL_1', 'score': 0.5076782703399658}",one_liners-47,curiousity
457,"{'label': 'LABEL_0', 'score': 0.6645371317863464}",one_liners-47,curiousity
458,"{'label': 'LABEL_0', 'score': 0.7735442519187927}",one_liners-47,curiousity
459,"{'label': 'LABEL_0', 'score': 0.8664819002151489}",one_liners-47,curiousity
460,"{'label': 'LABEL_0', 'score': 0.5107283592224121}",one_liners-47,curiousity
461,"{'label': 'LABEL_0', 'score': 0.5226724147796631}",one_liners-47,curiousity
462,"{'label': 'LABEL_0', 'score': 0.5878225564956665}",one_liners-47,curiousity
463,"{'label': 'LABEL_0', 'score': 0.5918813943862915}",one_liners-47,curiousity
464,"{'label': 'LABEL_0', 'score': 0.9592925906181335}",one_liners-47,curiousity
465,"{'label': 'LABEL_0', 'score': 0.564520537853241}",one_liners-47,curiousity
466,"{'label': 'LABEL_1', 'score': 0.6380432844161987}",one_liners-47,curiousity
467,"{'label': 'LABEL_0', 'score': 0.5387590527534485}",one_liners-47,curiousity
468,"{'label': 'LABEL_1', 'score': 0.8633832931518555}",one_liners-47,curiousity
469,"{'label': 'LABEL_0', 'score': 0.8985915184020996}",one_liners-47,curiousity
470,"{'label': 'LABEL_1', 'score': 0.6200476884841919}",one_liners-47,curiousity
471,"{'label': 'LABEL_1', 'score': 0.6963211297988892}",one_liners-47,curiousity
472,"{'label': 'LABEL_0', 'score': 0.5354076623916626}",one_liners-47,curiousity
473,"{'label': 'LABEL_1', 'score': 0.5021288394927979}",one_liners-47,curiousity
474,"{'label': 'LABEL_1', 'score': 0.6957672834396362}",one_liners-47,curiousity
475,"{'label': 'LABEL_1', 'score': 0.7239276170730591}",one_liners-47,curiousity
476,"{'label': 'LABEL_1', 'score': 0.5981153845787048}",one_liners-47,curiousity
477,"{'label': 'LABEL_0', 'score': 0.8727250695228577}",one_liners-47,curiousity
478,"{'label': 'LABEL_0', 'score': 0.5972979664802551}",one_liners-47,curiousity
479,"{'label': 'LABEL_0', 'score': 0.5153705477714539}",one_liners-47,curiousity
480,"{'label': 'LABEL_0', 'score': 0.5612642168998718}",one_liners-47,curiousity
481,"{'label': 'LABEL_0', 'score': 0.67376708984375}",one_liners-47,curiousity
482,"{'label': 'LABEL_0', 'score': 0.7071965932846069}",one_liners-47,curiousity
483,"{'label': 'LABEL_1', 'score': 0.5330116152763367}",one_liners-47,curiousity
484,"{'label': 'LABEL_0', 'score': 0.5616490840911865}",one_liners-47,curiousity
485,"{'label': 'LABEL_0', 'score': 0.6334262490272522}",one_liners-47,curiousity
486,"{'label': 'LABEL_0', 'score': 0.6619158983230591}",one_liners-47,curiousity
487,"{'label': 'LABEL_0', 'score': 0.7420335412025452}",one_liners-47,curiousity
488,"{'label': 'LABEL_1', 'score': 0.5455232262611389}",one_liners-47,curiousity
489,"{'label': 'LABEL_0', 'score': 0.7383174300193787}",one_liners-47,curiousity
490,"{'label': 'LABEL_0', 'score': 0.6029828190803528}",one_liners-47,curiousity
491,"{'label': 'LABEL_0', 'score': 0.5687511563301086}",one_liners-47,curiousity
492,"{'label': 'LABEL_1', 'score': 0.5560905337333679}",one_liners-47,curiousity
493,"{'label': 'LABEL_0', 'score': 0.8220717906951904}",one_liners-47,curiousity
494,"{'label': 'LABEL_0', 'score': 0.9868287444114685}",one_liners-47,curiousity
495,"{'label': 'LABEL_0', 'score': 0.8646847605705261}",one_liners-47,curiousity
496,"{'label': 'LABEL_0', 'score': 0.8623899221420288}",one_liners-47,curiousity
497,"{'label': 'LABEL_0', 'score': 0.7924002408981323}",one_liners-47,curiousity
498,"{'label': 'LABEL_0', 'score': 0.7670876979827881}",one_liners-47,curiousity
499,"{'label': 'LABEL_0', 'score': 0.7570275068283081}",one_liners-47,curiousity
500,"{'label': 'LABEL_0', 'score': 0.9263173937797546}",one_liners-47,curiousity
501,"{'label': 'LABEL_1', 'score': 0.8426401019096375}",one_liners-47,curiousity
502,"{'label': 'LABEL_1', 'score': 0.707099199295044}",one_liners-47,curiousity
503,"{'label': 'LABEL_1', 'score': 0.6054828763008118}",one_liners-47,curiousity
504,"{'label': 'LABEL_1', 'score': 0.6757187843322754}",one_liners-47,curiousity
505,"{'label': 'LABEL_1', 'score': 0.7069486379623413}",one_liners-47,curiousity
506,"{'label': 'LABEL_1', 'score': 0.6821621060371399}",one_liners-47,curiousity
507,"{'label': 'LABEL_1', 'score': 0.7726652026176453}",one_liners-47,curiousity
508,"{'label': 'LABEL_1', 'score': 0.509158730506897}",one_liners-47,curiousity
509,"{'label': 'LABEL_0', 'score': 0.8717102408409119}",one_liners-47,curiousity
510,"{'label': 'LABEL_1', 'score': 0.5715379118919373}",one_liners-47,curiousity
511,"{'label': 'LABEL_0', 'score': 0.5894042253494263}",one_liners-47,curiousity
512,"{'label': 'LABEL_0', 'score': 0.9626158475875854}",one_liners-47,curiousity
513,"{'label': 'LABEL_1', 'score': 0.6366114020347595}",one_liners-47,curiousity
514,"{'label': 'LABEL_1', 'score': 0.727238655090332}",one_liners-47,curiousity
515,"{'label': 'LABEL_0', 'score': 0.6172872185707092}",one_liners-47,curiousity
516,"{'label': 'LABEL_1', 'score': 0.5221269130706787}",one_liners-47,curiousity
517,"{'label': 'LABEL_0', 'score': 0.953171968460083}",one_liners-47,curiousity
518,"{'label': 'LABEL_1', 'score': 0.5822101831436157}",one_liners-47,curiousity
519,"{'label': 'LABEL_1', 'score': 0.7047130465507507}",one_liners-47,curiousity
520,"{'label': 'LABEL_1', 'score': 0.5621052980422974}",one_liners-47,curiousity
521,"{'label': 'LABEL_0', 'score': 0.7373567819595337}",one_liners-47,curiousity
522,"{'label': 'LABEL_0', 'score': 0.9585344195365906}",one_liners-47,curiousity
523,"{'label': 'LABEL_0', 'score': 0.9633338451385498}",one_liners-47,curiousity
524,"{'label': 'LABEL_0', 'score': 0.9807555079460144}",one_liners-47,curiousity
525,"{'label': 'LABEL_0', 'score': 0.9852109551429749}",one_liners-47,curiousity
526,"{'label': 'LABEL_0', 'score': 0.7017144560813904}",one_liners-47,curiousity
527,"{'label': 'LABEL_0', 'score': 0.7450929284095764}",one_liners-47,curiousity
528,"{'label': 'LABEL_0', 'score': 0.5506473183631897}",one_liners-47,curiousity
529,"{'label': 'LABEL_1', 'score': 0.5499665141105652}",one_liners-47,curiousity
530,"{'label': 'LABEL_1', 'score': 0.5902091264724731}",one_liners-47,curiousity
531,"{'label': 'LABEL_0', 'score': 0.8056125044822693}",one_liners-47,curiousity
532,"{'label': 'LABEL_0', 'score': 0.8499549031257629}",one_liners-47,curiousity
533,"{'label': 'LABEL_0', 'score': 0.6088898181915283}",one_liners-47,curiousity
534,"{'label': 'LABEL_0', 'score': 0.8155613541603088}",one_liners-47,curiousity
535,"{'label': 'LABEL_0', 'score': 0.727499783039093}",one_liners-47,curiousity
536,"{'label': 'LABEL_0', 'score': 0.5363848805427551}",one_liners-47,curiousity
537,"{'label': 'LABEL_0', 'score': 0.5052200555801392}",one_liners-47,curiousity
538,"{'label': 'LABEL_0', 'score': 0.8940895199775696}",one_liners-47,curiousity
539,"{'label': 'LABEL_0', 'score': 0.9144384264945984}",one_liners-47,curiousity
540,"{'label': 'LABEL_0', 'score': 0.9229620099067688}",one_liners-47,curiousity
541,"{'label': 'LABEL_0', 'score': 0.534457802772522}",one_liners-47,curiousity
542,"{'label': 'LABEL_1', 'score': 0.5461832284927368}",one_liners-47,curiousity
543,"{'label': 'LABEL_1', 'score': 0.5134453773498535}",one_liners-47,curiousity
544,"{'label': 'LABEL_0', 'score': 0.5433057546615601}",one_liners-47,curiousity
545,"{'label': 'LABEL_0', 'score': 0.5217989087104797}",one_liners-47,curiousity
546,"{'label': 'LABEL_0', 'score': 0.7669579982757568}",one_liners-47,curiousity
547,"{'label': 'LABEL_0', 'score': 0.635448157787323}",one_liners-47,curiousity
548,"{'label': 'LABEL_0', 'score': 0.5225661993026733}",one_liners-47,curiousity
549,"{'label': 'LABEL_1', 'score': 0.5145213603973389}",one_liners-47,curiousity
550,"{'label': 'LABEL_1', 'score': 0.8069548606872559}",one_liners-47,curiousity
551,"{'label': 'LABEL_1', 'score': 0.6808178424835205}",one_liners-47,curiousity
552,"{'label': 'LABEL_1', 'score': 0.5541442036628723}",one_liners-47,curiousity
553,"{'label': 'LABEL_1', 'score': 0.5952198505401611}",one_liners-47,curiousity
554,"{'label': 'LABEL_1', 'score': 0.6083499193191528}",one_liners-47,curiousity
555,"{'label': 'LABEL_0', 'score': 0.7872265577316284}",one_liners-47,curiousity
556,"{'label': 'LABEL_1', 'score': 0.7437953948974609}",one_liners-47,curiousity
557,"{'label': 'LABEL_1', 'score': 0.8155689835548401}",one_liners-47,curiousity
558,"{'label': 'LABEL_1', 'score': 0.8108232021331787}",one_liners-47,curiousity
559,"{'label': 'LABEL_0', 'score': 0.5152881145477295}",one_liners-47,curiousity
560,"{'label': 'LABEL_0', 'score': 0.5183599591255188}",one_liners-47,curiousity
561,"{'label': 'LABEL_0', 'score': 0.537703275680542}",one_liners-47,curiousity
562,"{'label': 'LABEL_0', 'score': 0.5163795948028564}",one_liners-47,curiousity
563,"{'label': 'LABEL_0', 'score': 0.6083874106407166}",one_liners-47,curiousity
564,"{'label': 'LABEL_0', 'score': 0.694743275642395}",one_liners-47,curiousity
565,"{'label': 'LABEL_0', 'score': 0.5811493992805481}",one_liners-47,curiousity
566,"{'label': 'LABEL_0', 'score': 0.5608382225036621}",one_liners-47,curiousity
567,"{'label': 'LABEL_1', 'score': 0.5365098714828491}",one_liners-47,curiousity
568,"{'label': 'LABEL_1', 'score': 0.5646412372589111}",one_liners-47,curiousity
569,"{'label': 'LABEL_0', 'score': 0.5000314116477966}",one_liners-47,curiousity
570,"{'label': 'LABEL_0', 'score': 0.8287616968154907}",one_liners-47,curiousity
571,"{'label': 'LABEL_0', 'score': 0.7123762965202332}",one_liners-47,curiousity
572,"{'label': 'LABEL_0', 'score': 0.645927369594574}",one_liners-47,curiousity
573,"{'label': 'LABEL_1', 'score': 0.7563357353210449}",one_liners-47,curiousity
574,"{'label': 'LABEL_1', 'score': 0.7888111472129822}",one_liners-47,curiousity
575,"{'label': 'LABEL_1', 'score': 0.7723273038864136}",one_liners-47,curiousity
576,"{'label': 'LABEL_1', 'score': 0.7126220464706421}",one_liners-47,curiousity
577,"{'label': 'LABEL_1', 'score': 0.6748157143592834}",one_liners-47,curiousity
578,"{'label': 'LABEL_1', 'score': 0.7087121605873108}",one_liners-47,curiousity
579,"{'label': 'LABEL_1', 'score': 0.627269983291626}",one_liners-47,curiousity
580,"{'label': 'LABEL_1', 'score': 0.6505602598190308}",one_liners-47,curiousity
581,"{'label': 'LABEL_0', 'score': 0.846680223941803}",one_liners-47,curiousity
582,"{'label': 'LABEL_0', 'score': 0.8604770302772522}",one_liners-47,curiousity
583,"{'label': 'LABEL_0', 'score': 0.5967360734939575}",one_liners-47,curiousity
584,"{'label': 'LABEL_0', 'score': 0.9074013829231262}",one_liners-47,curiousity
585,"{'label': 'LABEL_0', 'score': 0.866990864276886}",one_liners-47,curiousity
586,"{'label': 'LABEL_0', 'score': 0.686829149723053}",one_liners-47,curiousity
587,"{'label': 'LABEL_1', 'score': 0.5491863489151001}",one_liners-47,curiousity
588,"{'label': 'LABEL_1', 'score': 0.677753746509552}",one_liners-47,curiousity
589,"{'label': 'LABEL_1', 'score': 0.5168476700782776}",one_liners-47,curiousity
590,"{'label': 'LABEL_0', 'score': 0.733772337436676}",one_liners-47,curiousity
591,"{'label': 'LABEL_0', 'score': 0.7168934941291809}",one_liners-47,curiousity
592,"{'label': 'LABEL_0', 'score': 0.7113212943077087}",one_liners-47,curiousity
593,"{'label': 'LABEL_0', 'score': 0.7345834374427795}",one_liners-47,curiousity
594,"{'label': 'LABEL_0', 'score': 0.9199946522712708}",one_liners-47,curiousity
595,"{'label': 'LABEL_0', 'score': 0.9849467277526855}",one_liners-47,curiousity
596,"{'label': 'LABEL_0', 'score': 0.9371552467346191}",one_liners-47,curiousity
597,"{'label': 'LABEL_0', 'score': 0.9144870638847351}",one_liners-47,curiousity
598,"{'label': 'LABEL_0', 'score': 0.68995201587677}",one_liners-47,curiousity
599,"{'label': 'LABEL_1', 'score': 0.5819920301437378}",one_liners-47,curiousity
600,"{'label': 'LABEL_0', 'score': 0.9851080775260925}",one_liners-47,curiousity
601,"{'label': 'LABEL_0', 'score': 0.7757497429847717}",one_liners-47,curiousity
602,"{'label': 'LABEL_0', 'score': 0.6046409010887146}",one_liners-47,curiousity
603,"{'label': 'LABEL_0', 'score': 0.7768251299858093}",one_liners-47,curiousity
604,"{'label': 'LABEL_0', 'score': 0.6064128279685974}",one_liners-47,curiousity
605,"{'label': 'LABEL_1', 'score': 0.6887210011482239}",one_liners-47,curiousity
606,"{'label': 'LABEL_1', 'score': 0.5572622418403625}",one_liners-47,curiousity
607,"{'label': 'LABEL_1', 'score': 0.5748789310455322}",one_liners-47,curiousity
608,"{'label': 'LABEL_0', 'score': 0.6738269925117493}",one_liners-47,curiousity
609,"{'label': 'LABEL_0', 'score': 0.772428572177887}",one_liners-47,curiousity
610,"{'label': 'LABEL_1', 'score': 0.5493506193161011}",one_liners-47,curiousity
611,"{'label': 'LABEL_1', 'score': 0.550279974937439}",one_liners-47,curiousity
612,"{'label': 'LABEL_0', 'score': 0.7328946590423584}",one_liners-47,curiousity
613,"{'label': 'LABEL_0', 'score': 0.9047508239746094}",one_liners-47,curiousity
614,"{'label': 'LABEL_0', 'score': 0.8675811290740967}",one_liners-47,curiousity
615,"{'label': 'LABEL_0', 'score': 0.8891290426254272}",one_liners-47,curiousity
616,"{'label': 'LABEL_0', 'score': 0.5019610524177551}",one_liners-47,curiousity
617,"{'label': 'LABEL_1', 'score': 0.5951765179634094}",one_liners-47,curiousity
618,"{'label': 'LABEL_1', 'score': 0.7381976842880249}",one_liners-47,curiousity
619,"{'label': 'LABEL_1', 'score': 0.6334511041641235}",one_liners-47,curiousity
620,"{'label': 'LABEL_1', 'score': 0.7949399948120117}",one_liners-47,curiousity
621,"{'label': 'LABEL_1', 'score': 0.6390261650085449}",one_liners-47,curiousity
622,"{'label': 'LABEL_0', 'score': 0.6361052989959717}",one_liners-47,curiousity
623,"{'label': 'LABEL_0', 'score': 0.593933641910553}",one_liners-47,curiousity
624,"{'label': 'LABEL_1', 'score': 0.5856996178627014}",one_liners-47,curiousity
625,"{'label': 'LABEL_1', 'score': 0.7968010306358337}",one_liners-47,curiousity
626,"{'label': 'LABEL_1', 'score': 0.7111020684242249}",one_liners-47,curiousity
627,"{'label': 'LABEL_1', 'score': 0.7628623843193054}",one_liners-47,curiousity
628,"{'label': 'LABEL_0', 'score': 0.8423623442649841}",one_liners-47,curiousity
629,"{'label': 'LABEL_0', 'score': 0.8720428347587585}",one_liners-47,curiousity
630,"{'label': 'LABEL_0', 'score': 0.5749143958091736}",one_liners-47,curiousity
631,"{'label': 'LABEL_0', 'score': 0.5153687000274658}",one_liners-47,curiousity
632,"{'label': 'LABEL_0', 'score': 0.6778962016105652}",one_liners-47,curiousity
633,"{'label': 'LABEL_0', 'score': 0.6873935461044312}",one_liners-47,curiousity
634,"{'label': 'LABEL_1', 'score': 0.6477000117301941}",one_liners-47,curiousity
635,"{'label': 'LABEL_0', 'score': 0.8229589462280273}",one_liners-47,curiousity
636,"{'label': 'LABEL_1', 'score': 0.5870612859725952}",one_liners-47,curiousity
637,"{'label': 'LABEL_0', 'score': 0.7713186144828796}",one_liners-47,curiousity
638,"{'label': 'LABEL_1', 'score': 0.8398194313049316}",one_liners-47,curiousity
639,"{'label': 'LABEL_1', 'score': 0.7542886734008789}",one_liners-47,curiousity
640,"{'label': 'LABEL_0', 'score': 0.5501672625541687}",one_liners-47,curiousity
641,"{'label': 'LABEL_0', 'score': 0.8391045331954956}",one_liners-47,curiousity
642,"{'label': 'LABEL_0', 'score': 0.702031672000885}",one_liners-47,curiousity
643,"{'label': 'LABEL_0', 'score': 0.7398099899291992}",one_liners-47,curiousity
644,"{'label': 'LABEL_0', 'score': 0.7058213353157043}",one_liners-47,curiousity
645,"{'label': 'LABEL_0', 'score': 0.6066955327987671}",one_liners-47,curiousity
646,"{'label': 'LABEL_0', 'score': 0.5828083753585815}",one_liners-47,curiousity
647,"{'label': 'LABEL_0', 'score': 0.5117117166519165}",one_liners-47,curiousity
648,"{'label': 'LABEL_0', 'score': 0.9441726803779602}",one_liners-47,curiousity
649,"{'label': 'LABEL_1', 'score': 0.7521631717681885}",one_liners-47,curiousity
650,"{'label': 'LABEL_1', 'score': 0.697263240814209}",one_liners-47,curiousity
651,"{'label': 'LABEL_0', 'score': 0.9732332825660706}",one_liners-47,curiousity
652,"{'label': 'LABEL_0', 'score': 0.8709390759468079}",one_liners-47,curiousity
653,"{'label': 'LABEL_0', 'score': 0.5239630937576294}",one_liners-47,curiousity
654,"{'label': 'LABEL_0', 'score': 0.6858828663825989}",one_liners-47,curiousity
655,"{'label': 'LABEL_0', 'score': 0.7723703980445862}",one_liners-47,curiousity
656,"{'label': 'LABEL_0', 'score': 0.6688399314880371}",one_liners-47,curiousity
657,"{'label': 'LABEL_0', 'score': 0.6486404538154602}",one_liners-47,curiousity
658,"{'label': 'LABEL_0', 'score': 0.5800225138664246}",one_liners-47,curiousity
659,"{'label': 'LABEL_0', 'score': 0.8683501482009888}",one_liners-47,curiousity
660,"{'label': 'LABEL_0', 'score': 0.7465443015098572}",one_liners-47,curiousity
661,"{'label': 'LABEL_0', 'score': 0.789435088634491}",one_liners-47,curiousity
662,"{'label': 'LABEL_0', 'score': 0.8667144775390625}",one_liners-47,curiousity
663,"{'label': 'LABEL_0', 'score': 0.7584953904151917}",one_liners-47,curiousity
664,"{'label': 'LABEL_0', 'score': 0.6068580150604248}",one_liners-47,curiousity
665,"{'label': 'LABEL_0', 'score': 0.504463255405426}",one_liners-47,curiousity
666,"{'label': 'LABEL_0', 'score': 0.9919058084487915}",one_liners-47,curiousity
667,"{'label': 'LABEL_1', 'score': 0.5869895815849304}",one_liners-47,curiousity
668,"{'label': 'LABEL_1', 'score': 0.6796854138374329}",one_liners-47,curiousity
669,"{'label': 'LABEL_1', 'score': 0.5739309191703796}",one_liners-47,curiousity
670,"{'label': 'LABEL_1', 'score': 0.6713440418243408}",one_liners-47,curiousity
671,"{'label': 'LABEL_1', 'score': 0.5471798181533813}",one_liners-47,curiousity
672,"{'label': 'LABEL_1', 'score': 0.7847648859024048}",one_liners-47,curiousity
673,"{'label': 'LABEL_0', 'score': 0.6280381679534912}",one_liners-47,curiousity
674,"{'label': 'LABEL_1', 'score': 0.5141714811325073}",one_liners-47,curiousity
675,"{'label': 'LABEL_0', 'score': 0.977850615978241}",one_liners-47,curiousity
676,"{'label': 'LABEL_0', 'score': 0.8796617984771729}",one_liners-47,curiousity
677,"{'label': 'LABEL_0', 'score': 0.8301913738250732}",one_liners-47,curiousity
678,"{'label': 'LABEL_0', 'score': 0.9738470911979675}",one_liners-47,curiousity
679,"{'label': 'LABEL_0', 'score': 0.5788159966468811}",one_liners-47,curiousity
680,"{'label': 'LABEL_1', 'score': 0.6596555113792419}",one_liners-47,curiousity
681,"{'label': 'LABEL_1', 'score': 0.5147215723991394}",one_liners-47,curiousity
682,"{'label': 'LABEL_0', 'score': 0.8601311445236206}",one_liners-47,curiousity
683,"{'label': 'LABEL_0', 'score': 0.8236115574836731}",one_liners-47,curiousity
684,"{'label': 'LABEL_0', 'score': 0.5818787813186646}",one_liners-47,curiousity
685,"{'label': 'LABEL_0', 'score': 0.5345337390899658}",one_liners-47,curiousity
686,"{'label': 'LABEL_1', 'score': 0.582460880279541}",one_liners-47,curiousity
687,"{'label': 'LABEL_0', 'score': 0.5495619177818298}",one_liners-47,curiousity
688,"{'label': 'LABEL_0', 'score': 0.5687721371650696}",one_liners-47,curiousity
689,"{'label': 'LABEL_0', 'score': 0.8039997220039368}",one_liners-47,curiousity
690,"{'label': 'LABEL_0', 'score': 0.7534612417221069}",one_liners-47,curiousity
691,"{'label': 'LABEL_0', 'score': 0.5234662890434265}",one_liners-47,curiousity
692,"{'label': 'LABEL_1', 'score': 0.5252448916435242}",one_liners-47,curiousity
693,"{'label': 'LABEL_1', 'score': 0.5259265899658203}",one_liners-47,curiousity
694,"{'label': 'LABEL_0', 'score': 0.5213634371757507}",one_liners-47,curiousity
695,"{'label': 'LABEL_0', 'score': 0.6080153584480286}",one_liners-47,curiousity
696,"{'label': 'LABEL_1', 'score': 0.5830103158950806}",one_liners-47,curiousity
697,"{'label': 'LABEL_0', 'score': 0.8403205871582031}",one_liners-47,curiousity
698,"{'label': 'LABEL_0', 'score': 0.8722460269927979}",one_liners-47,curiousity
699,"{'label': 'LABEL_1', 'score': 0.7173576951026917}",one_liners-47,curiousity
700,"{'label': 'LABEL_1', 'score': 0.5249997973442078}",one_liners-47,curiousity
701,"{'label': 'LABEL_1', 'score': 0.5401327013969421}",one_liners-47,curiousity
702,"{'label': 'LABEL_1', 'score': 0.9693529605865479}",one_liners-47,curiousity
703,"{'label': 'LABEL_1', 'score': 0.598703145980835}",one_liners-47,curiousity
704,"{'label': 'LABEL_1', 'score': 0.7131838798522949}",one_liners-47,curiousity
705,"{'label': 'LABEL_1', 'score': 0.9715645909309387}",one_liners-47,curiousity
706,"{'label': 'LABEL_1', 'score': 0.9578702449798584}",one_liners-47,curiousity
707,"{'label': 'LABEL_0', 'score': 0.5994232296943665}",one_liners-47,curiousity
708,"{'label': 'LABEL_0', 'score': 0.6118523478507996}",one_liners-47,curiousity
709,"{'label': 'LABEL_0', 'score': 0.6159406304359436}",one_liners-47,curiousity
710,"{'label': 'LABEL_1', 'score': 0.6303266882896423}",one_liners-47,curiousity
711,"{'label': 'LABEL_1', 'score': 0.7379433512687683}",one_liners-47,curiousity
712,"{'label': 'LABEL_0', 'score': 0.7032895684242249}",one_liners-47,curiousity
713,"{'label': 'LABEL_0', 'score': 0.7037630677223206}",one_liners-47,curiousity
714,"{'label': 'LABEL_0', 'score': 0.9192521572113037}",one_liners-47,curiousity
715,"{'label': 'LABEL_0', 'score': 0.7416567206382751}",one_liners-47,curiousity
716,"{'label': 'LABEL_0', 'score': 0.7442238330841064}",one_liners-47,curiousity
717,"{'label': 'LABEL_0', 'score': 0.6129438877105713}",one_liners-47,curiousity
718,"{'label': 'LABEL_0', 'score': 0.9412997961044312}",one_liners-47,curiousity
719,"{'label': 'LABEL_0', 'score': 0.8155954480171204}",one_liners-47,curiousity
720,"{'label': 'LABEL_0', 'score': 0.7708730101585388}",one_liners-47,curiousity
721,"{'label': 'LABEL_1', 'score': 0.5468938946723938}",one_liners-47,curiousity
722,"{'label': 'LABEL_1', 'score': 0.6522615551948547}",one_liners-47,curiousity
723,"{'label': 'LABEL_0', 'score': 0.6158575415611267}",one_liners-47,curiousity
724,"{'label': 'LABEL_1', 'score': 0.5311561822891235}",one_liners-47,curiousity
725,"{'label': 'LABEL_0', 'score': 0.6506542563438416}",one_liners-47,curiousity
726,"{'label': 'LABEL_0', 'score': 0.9912398457527161}",one_liners-47,curiousity
727,"{'label': 'LABEL_0', 'score': 0.8444989323616028}",one_liners-47,curiousity
728,"{'label': 'LABEL_0', 'score': 0.9769604206085205}",one_liners-47,curiousity
729,"{'label': 'LABEL_1', 'score': 0.6729898452758789}",one_liners-47,curiousity
730,"{'label': 'LABEL_1', 'score': 0.6208030581474304}",one_liners-47,curiousity
731,"{'label': 'LABEL_1', 'score': 0.7880768179893494}",one_liners-47,curiousity
732,"{'label': 'LABEL_1', 'score': 0.7248854637145996}",one_liners-47,curiousity
733,"{'label': 'LABEL_1', 'score': 0.8015479445457458}",one_liners-47,curiousity
734,"{'label': 'LABEL_1', 'score': 0.7157859802246094}",one_liners-47,curiousity
735,"{'label': 'LABEL_0', 'score': 0.9702084064483643}",one_liners-47,curiousity
736,"{'label': 'LABEL_0', 'score': 0.9351780414581299}",one_liners-47,curiousity
737,"{'label': 'LABEL_1', 'score': 0.5850174427032471}",one_liners-47,curiousity
738,"{'label': 'LABEL_1', 'score': 0.6257261633872986}",one_liners-47,curiousity
739,"{'label': 'LABEL_0', 'score': 0.7776338458061218}",one_liners-47,curiousity
740,"{'label': 'LABEL_0', 'score': 0.5832892656326294}",one_liners-47,curiousity
741,"{'label': 'LABEL_1', 'score': 0.8682492971420288}",one_liners-47,curiousity
742,"{'label': 'LABEL_1', 'score': 0.8471410870552063}",one_liners-47,curiousity
743,"{'label': 'LABEL_1', 'score': 0.5956099629402161}",one_liners-47,curiousity
744,"{'label': 'LABEL_1', 'score': 0.6266317963600159}",one_liners-47,curiousity
745,"{'label': 'LABEL_0', 'score': 0.5862556099891663}",one_liners-47,curiousity
746,"{'label': 'LABEL_0', 'score': 0.7406824231147766}",one_liners-47,curiousity
747,"{'label': 'LABEL_0', 'score': 0.7612411379814148}",one_liners-47,curiousity
748,"{'label': 'LABEL_0', 'score': 0.9441221952438354}",one_liners-47,curiousity
749,"{'label': 'LABEL_1', 'score': 0.5211030840873718}",one_liners-47,curiousity
750,"{'label': 'LABEL_1', 'score': 0.649840235710144}",one_liners-47,curiousity
751,"{'label': 'LABEL_0', 'score': 0.5306473970413208}",one_liners-47,curiousity
752,"{'label': 'LABEL_0', 'score': 0.9683245420455933}",one_liners-47,curiousity
753,"{'label': 'LABEL_0', 'score': 0.8958361744880676}",one_liners-47,curiousity
754,"{'label': 'LABEL_0', 'score': 0.6145893931388855}",one_liners-47,curiousity
755,"{'label': 'LABEL_1', 'score': 0.5794877409934998}",one_liners-47,curiousity
756,"{'label': 'LABEL_0', 'score': 0.6425519585609436}",one_liners-47,curiousity
757,"{'label': 'LABEL_0', 'score': 0.7833359241485596}",one_liners-47,curiousity
758,"{'label': 'LABEL_1', 'score': 0.8611482381820679}",one_liners-47,curiousity
759,"{'label': 'LABEL_1', 'score': 0.5959723591804504}",one_liners-47,curiousity
760,"{'label': 'LABEL_1', 'score': 0.5811843276023865}",one_liners-47,curiousity
761,"{'label': 'LABEL_1', 'score': 0.6014688014984131}",one_liners-47,curiousity
762,"{'label': 'LABEL_1', 'score': 0.8459457755088806}",one_liners-47,curiousity
763,"{'label': 'LABEL_1', 'score': 0.7576687932014465}",one_liners-47,curiousity
764,"{'label': 'LABEL_1', 'score': 0.7814149856567383}",one_liners-47,curiousity
765,"{'label': 'LABEL_1', 'score': 0.9056785106658936}",one_liners-47,curiousity
766,"{'label': 'LABEL_1', 'score': 0.5036252737045288}",one_liners-47,curiousity
767,"{'label': 'LABEL_0', 'score': 0.5433942675590515}",one_liners-47,curiousity
768,"{'label': 'LABEL_1', 'score': 0.5183334350585938}",one_liners-47,curiousity
769,"{'label': 'LABEL_1', 'score': 0.5242438316345215}",one_liners-47,curiousity
770,"{'label': 'LABEL_0', 'score': 0.7409432530403137}",one_liners-47,curiousity
771,"{'label': 'LABEL_1', 'score': 0.5358110070228577}",one_liners-47,curiousity
772,"{'label': 'LABEL_1', 'score': 0.6087525486946106}",one_liners-47,curiousity
773,"{'label': 'LABEL_1', 'score': 0.5513668060302734}",one_liners-47,curiousity
774,"{'label': 'LABEL_0', 'score': 0.5225194096565247}",one_liners-47,curiousity
775,"{'label': 'LABEL_0', 'score': 0.6122475266456604}",one_liners-47,curiousity
776,"{'label': 'LABEL_0', 'score': 0.6729028224945068}",one_liners-47,curiousity
777,"{'label': 'LABEL_1', 'score': 0.8507488965988159}",one_liners-47,curiousity
778,"{'label': 'LABEL_0', 'score': 0.5679835677146912}",one_liners-47,curiousity
779,"{'label': 'LABEL_1', 'score': 0.7674193978309631}",one_liners-47,curiousity
780,"{'label': 'LABEL_1', 'score': 0.7102605104446411}",one_liners-47,curiousity
781,"{'label': 'LABEL_0', 'score': 0.503626823425293}",one_liners-47,curiousity
782,"{'label': 'LABEL_0', 'score': 0.5387138724327087}",one_liners-47,curiousity
783,"{'label': 'LABEL_1', 'score': 0.5674961805343628}",one_liners-47,curiousity
784,"{'label': 'LABEL_0', 'score': 0.5142055153846741}",one_liners-47,curiousity
785,"{'label': 'LABEL_1', 'score': 0.6373310685157776}",one_liners-47,curiousity
786,"{'label': 'LABEL_0', 'score': 0.5266804695129395}",one_liners-47,curiousity
787,"{'label': 'LABEL_0', 'score': 0.5920025110244751}",one_liners-47,curiousity
788,"{'label': 'LABEL_0', 'score': 0.6710434556007385}",one_liners-47,curiousity
789,"{'label': 'LABEL_1', 'score': 0.7421973347663879}",one_liners-47,curiousity
790,"{'label': 'LABEL_0', 'score': 0.5932177305221558}",one_liners-47,curiousity
791,"{'label': 'LABEL_1', 'score': 0.5622480511665344}",one_liners-47,curiousity
792,"{'label': 'LABEL_0', 'score': 0.5872930288314819}",one_liners-47,curiousity
793,"{'label': 'LABEL_0', 'score': 0.6570575833320618}",one_liners-47,curiousity
794,"{'label': 'LABEL_0', 'score': 0.7645025253295898}",one_liners-47,curiousity
795,"{'label': 'LABEL_0', 'score': 0.8528643846511841}",one_liners-47,curiousity
796,"{'label': 'LABEL_0', 'score': 0.9025560617446899}",one_liners-47,curiousity
797,"{'label': 'LABEL_0', 'score': 0.5257263779640198}",one_liners-47,curiousity
798,"{'label': 'LABEL_1', 'score': 0.6995265483856201}",one_liners-47,curiousity
799,"{'label': 'LABEL_1', 'score': 0.6368756890296936}",one_liners-47,curiousity
800,"{'label': 'LABEL_1', 'score': 0.5141940116882324}",one_liners-47,curiousity
801,"{'label': 'LABEL_0', 'score': 0.5790364146232605}",one_liners-47,curiousity
802,"{'label': 'LABEL_1', 'score': 0.5873298048973083}",one_liners-47,curiousity
803,"{'label': 'LABEL_1', 'score': 0.5825904011726379}",one_liners-47,curiousity
804,"{'label': 'LABEL_0', 'score': 0.6205467581748962}",one_liners-47,curiousity
805,"{'label': 'LABEL_1', 'score': 0.5358313918113708}",one_liners-47,curiousity
806,"{'label': 'LABEL_0', 'score': 0.5919696092605591}",one_liners-47,curiousity
807,"{'label': 'LABEL_0', 'score': 0.5730767250061035}",one_liners-47,curiousity
808,"{'label': 'LABEL_0', 'score': 0.5245165824890137}",one_liners-47,curiousity
809,"{'label': 'LABEL_1', 'score': 0.7817160487174988}",one_liners-47,curiousity
810,"{'label': 'LABEL_0', 'score': 0.5170060396194458}",one_liners-47,curiousity
811,"{'label': 'LABEL_0', 'score': 0.6143996715545654}",one_liners-47,curiousity
812,"{'label': 'LABEL_1', 'score': 0.6596956253051758}",one_liners-47,curiousity
813,"{'label': 'LABEL_1', 'score': 0.7988224029541016}",one_liners-47,curiousity
814,"{'label': 'LABEL_1', 'score': 0.9122979640960693}",one_liners-47,curiousity
815,"{'label': 'LABEL_1', 'score': 0.7769652605056763}",one_liners-47,curiousity
816,"{'label': 'LABEL_1', 'score': 0.8174154162406921}",one_liners-47,curiousity
817,"{'label': 'LABEL_0', 'score': 0.7915259599685669}",one_liners-47,curiousity
818,"{'label': 'LABEL_1', 'score': 0.717028021812439}",one_liners-47,curiousity
819,"{'label': 'LABEL_1', 'score': 0.6143923401832581}",one_liners-47,curiousity
820,"{'label': 'LABEL_1', 'score': 0.5177302360534668}",one_liners-47,curiousity
821,"{'label': 'LABEL_0', 'score': 0.6487467885017395}",one_liners-47,curiousity
822,"{'label': 'LABEL_0', 'score': 0.8408982753753662}",one_liners-47,curiousity
823,"{'label': 'LABEL_0', 'score': 0.7428199052810669}",one_liners-47,curiousity
824,"{'label': 'LABEL_0', 'score': 0.5504791736602783}",one_liners-47,curiousity
825,"{'label': 'LABEL_0', 'score': 0.5096291303634644}",one_liners-47,curiousity
826,"{'label': 'LABEL_0', 'score': 0.6077693700790405}",one_liners-47,curiousity
827,"{'label': 'LABEL_0', 'score': 0.6421994566917419}",one_liners-47,curiousity
828,"{'label': 'LABEL_0', 'score': 0.7446205615997314}",one_liners-47,curiousity
829,"{'label': 'LABEL_0', 'score': 0.7104800343513489}",one_liners-47,curiousity
830,"{'label': 'LABEL_0', 'score': 0.648847222328186}",one_liners-47,curiousity
831,"{'label': 'LABEL_1', 'score': 0.5590655207633972}",one_liners-47,curiousity
832,"{'label': 'LABEL_0', 'score': 0.5254116058349609}",one_liners-47,curiousity
833,"{'label': 'LABEL_0', 'score': 0.5938123464584351}",one_liners-47,curiousity
834,"{'label': 'LABEL_0', 'score': 0.9193238615989685}",one_liners-47,curiousity
835,"{'label': 'LABEL_0', 'score': 0.6587588787078857}",one_liners-47,curiousity
836,"{'label': 'LABEL_1', 'score': 0.605236828327179}",one_liners-47,curiousity
837,"{'label': 'LABEL_1', 'score': 0.5623239278793335}",one_liners-47,curiousity
838,"{'label': 'LABEL_1', 'score': 0.6791068315505981}",one_liners-47,curiousity
839,"{'label': 'LABEL_1', 'score': 0.5313326120376587}",one_liners-47,curiousity
840,"{'label': 'LABEL_1', 'score': 0.5445104837417603}",one_liners-47,curiousity
841,"{'label': 'LABEL_1', 'score': 0.6857303977012634}",one_liners-47,curiousity
842,"{'label': 'LABEL_1', 'score': 0.5326247811317444}",one_liners-47,curiousity
843,"{'label': 'LABEL_0', 'score': 0.7560436725616455}",one_liners-47,curiousity
844,"{'label': 'LABEL_1', 'score': 0.6267426609992981}",one_liners-47,curiousity
845,"{'label': 'LABEL_1', 'score': 0.589530348777771}",one_liners-47,curiousity
846,"{'label': 'LABEL_0', 'score': 0.6479564905166626}",one_liners-47,curiousity
847,"{'label': 'LABEL_0', 'score': 0.7700318694114685}",one_liners-47,curiousity
848,"{'label': 'LABEL_0', 'score': 0.8095266222953796}",one_liners-47,curiousity
849,"{'label': 'LABEL_0', 'score': 0.7342332005500793}",one_liners-47,curiousity
850,"{'label': 'LABEL_1', 'score': 0.6094921827316284}",one_liners-47,curiousity
851,"{'label': 'LABEL_1', 'score': 0.5829553008079529}",one_liners-47,curiousity
852,"{'label': 'LABEL_0', 'score': 0.5300559401512146}",one_liners-47,curiousity
853,"{'label': 'LABEL_1', 'score': 0.7973478436470032}",one_liners-47,curiousity
854,"{'label': 'LABEL_1', 'score': 0.574846625328064}",one_liners-47,curiousity
855,"{'label': 'LABEL_1', 'score': 0.610612690448761}",one_liners-47,curiousity
856,"{'label': 'LABEL_0', 'score': 0.5675227046012878}",one_liners-47,curiousity
857,"{'label': 'LABEL_1', 'score': 0.5552151203155518}",one_liners-47,curiousity
858,"{'label': 'LABEL_1', 'score': 0.5774301886558533}",one_liners-47,curiousity
859,"{'label': 'LABEL_1', 'score': 0.7399633526802063}",one_liners-47,curiousity
860,"{'label': 'LABEL_1', 'score': 0.7741890549659729}",one_liners-47,curiousity
861,"{'label': 'LABEL_1', 'score': 0.7282156348228455}",one_liners-47,curiousity
862,"{'label': 'LABEL_1', 'score': 0.6736866235733032}",one_liners-47,curiousity
863,"{'label': 'LABEL_0', 'score': 0.7666599750518799}",one_liners-47,curiousity
864,"{'label': 'LABEL_0', 'score': 0.7234972715377808}",one_liners-47,curiousity
865,"{'label': 'LABEL_0', 'score': 0.6241822838783264}",one_liners-47,curiousity
866,"{'label': 'LABEL_1', 'score': 0.5287975668907166}",one_liners-47,curiousity
867,"{'label': 'LABEL_0', 'score': 0.5996630191802979}",one_liners-47,curiousity
868,"{'label': 'LABEL_0', 'score': 0.6404594779014587}",one_liners-47,curiousity
869,"{'label': 'LABEL_0', 'score': 0.9147272706031799}",one_liners-47,curiousity
870,"{'label': 'LABEL_0', 'score': 0.7702962756156921}",one_liners-47,curiousity
871,"{'label': 'LABEL_0', 'score': 0.5708179473876953}",one_liners-47,curiousity
872,"{'label': 'LABEL_1', 'score': 0.5064998865127563}",one_liners-47,curiousity
873,"{'label': 'LABEL_1', 'score': 0.6397901773452759}",one_liners-47,curiousity
874,"{'label': 'LABEL_1', 'score': 0.6857770681381226}",one_liners-47,curiousity
875,"{'label': 'LABEL_1', 'score': 0.6288650035858154}",one_liners-47,curiousity
876,"{'label': 'LABEL_1', 'score': 0.8582612872123718}",one_liners-47,curiousity
877,"{'label': 'LABEL_0', 'score': 0.6043857932090759}",one_liners-47,curiousity
878,"{'label': 'LABEL_1', 'score': 0.6191624402999878}",one_liners-47,curiousity
879,"{'label': 'LABEL_1', 'score': 0.6236200332641602}",one_liners-47,curiousity
880,"{'label': 'LABEL_0', 'score': 0.9867305755615234}",one_liners-47,curiousity
881,"{'label': 'LABEL_0', 'score': 0.5383935570716858}",one_liners-47,curiousity
882,"{'label': 'LABEL_1', 'score': 0.6778361201286316}",one_liners-47,curiousity
883,"{'label': 'LABEL_1', 'score': 0.9017769694328308}",one_liners-47,curiousity
884,"{'label': 'LABEL_0', 'score': 0.672848105430603}",one_liners-47,curiousity
885,"{'label': 'LABEL_0', 'score': 0.6384361386299133}",one_liners-47,curiousity
886,"{'label': 'LABEL_0', 'score': 0.8072190284729004}",one_liners-47,curiousity
887,"{'label': 'LABEL_0', 'score': 0.6351357698440552}",one_liners-47,curiousity
888,"{'label': 'LABEL_1', 'score': 0.9375851154327393}",one_liners-47,curiousity
889,"{'label': 'LABEL_1', 'score': 0.5580569505691528}",one_liners-47,curiousity
890,"{'label': 'LABEL_0', 'score': 0.586023211479187}",one_liners-47,curiousity
891,"{'label': 'LABEL_0', 'score': 0.6584003567695618}",one_liners-47,curiousity
892,"{'label': 'LABEL_1', 'score': 0.5105622410774231}",one_liners-47,curiousity
893,"{'label': 'LABEL_0', 'score': 0.6506869196891785}",one_liners-47,curiousity
894,"{'label': 'LABEL_0', 'score': 0.557380199432373}",one_liners-47,curiousity
895,"{'label': 'LABEL_0', 'score': 0.7829188704490662}",one_liners-47,curiousity
896,"{'label': 'LABEL_0', 'score': 0.9639888405799866}",one_liners-47,curiousity
897,"{'label': 'LABEL_0', 'score': 0.8808221817016602}",one_liners-47,curiousity
898,"{'label': 'LABEL_0', 'score': 0.9690820574760437}",one_liners-47,curiousity
899,"{'label': 'LABEL_0', 'score': 0.9920223951339722}",one_liners-47,curiousity
900,"{'label': 'LABEL_1', 'score': 0.6306146383285522}",one_liners-47,curiousity
901,"{'label': 'LABEL_1', 'score': 0.7066494226455688}",one_liners-47,curiousity
902,"{'label': 'LABEL_1', 'score': 0.7602756023406982}",one_liners-47,curiousity
903,"{'label': 'LABEL_1', 'score': 0.6810106039047241}",one_liners-47,curiousity
904,"{'label': 'LABEL_0', 'score': 0.6799234747886658}",one_liners-47,curiousity
905,"{'label': 'LABEL_1', 'score': 0.751873791217804}",one_liners-47,curiousity
906,"{'label': 'LABEL_0', 'score': 0.8067950010299683}",one_liners-47,curiousity
907,"{'label': 'LABEL_1', 'score': 0.5682289004325867}",one_liners-47,curiousity
908,"{'label': 'LABEL_1', 'score': 0.524719774723053}",one_liners-47,curiousity
909,"{'label': 'LABEL_0', 'score': 0.7427024245262146}",one_liners-47,curiousity
910,"{'label': 'LABEL_0', 'score': 0.5985328555107117}",one_liners-47,curiousity
911,"{'label': 'LABEL_1', 'score': 0.886832594871521}",one_liners-47,curiousity
912,"{'label': 'LABEL_1', 'score': 0.5198264122009277}",one_liners-47,curiousity
913,"{'label': 'LABEL_0', 'score': 0.9540194272994995}",one_liners-47,curiousity
914,"{'label': 'LABEL_0', 'score': 0.7368378043174744}",one_liners-47,curiousity
915,"{'label': 'LABEL_0', 'score': 0.7688177824020386}",one_liners-47,curiousity
916,"{'label': 'LABEL_0', 'score': 0.8625119924545288}",one_liners-47,curiousity
917,"{'label': 'LABEL_1', 'score': 0.720675528049469}",one_liners-47,curiousity
918,"{'label': 'LABEL_1', 'score': 0.642304539680481}",one_liners-47,curiousity
919,"{'label': 'LABEL_1', 'score': 0.5243809223175049}",one_liners-47,curiousity
920,"{'label': 'LABEL_0', 'score': 0.5008605122566223}",one_liners-47,curiousity
921,"{'label': 'LABEL_0', 'score': 0.9888772368431091}",one_liners-47,curiousity
922,"{'label': 'LABEL_0', 'score': 0.9819713234901428}",one_liners-47,curiousity
923,"{'label': 'LABEL_1', 'score': 0.5739202499389648}",one_liners-47,curiousity
924,"{'label': 'LABEL_1', 'score': 0.6273497343063354}",one_liners-47,curiousity
925,"{'label': 'LABEL_0', 'score': 0.9311734437942505}",one_liners-47,curiousity
926,"{'label': 'LABEL_1', 'score': 0.8699657320976257}",one_liners-47,curiousity
927,"{'label': 'LABEL_1', 'score': 0.9030214548110962}",one_liners-47,curiousity
928,"{'label': 'LABEL_0', 'score': 0.793647289276123}",one_liners-47,curiousity
929,"{'label': 'LABEL_0', 'score': 0.7747990489006042}",one_liners-47,curiousity
930,"{'label': 'LABEL_0', 'score': 0.930977463722229}",one_liners-47,curiousity
931,"{'label': 'LABEL_0', 'score': 0.7953831553459167}",one_liners-47,curiousity
932,"{'label': 'LABEL_0', 'score': 0.7887535095214844}",one_liners-47,curiousity
933,"{'label': 'LABEL_1', 'score': 0.5455064177513123}",one_liners-47,curiousity
934,"{'label': 'LABEL_0', 'score': 0.5619694590568542}",one_liners-47,curiousity
935,"{'label': 'LABEL_0', 'score': 0.8020293712615967}",one_liners-47,curiousity
936,"{'label': 'LABEL_1', 'score': 0.6460546851158142}",one_liners-47,curiousity
937,"{'label': 'LABEL_1', 'score': 0.5728058815002441}",one_liners-47,curiousity
938,"{'label': 'LABEL_0', 'score': 0.7483999133110046}",one_liners-47,curiousity
939,"{'label': 'LABEL_0', 'score': 0.8165127038955688}",one_liners-47,curiousity
940,"{'label': 'LABEL_0', 'score': 0.7953790426254272}",one_liners-47,curiousity
941,"{'label': 'LABEL_1', 'score': 0.5779622197151184}",one_liners-47,curiousity
942,"{'label': 'LABEL_0', 'score': 0.5615761876106262}",one_liners-47,curiousity
943,"{'label': 'LABEL_0', 'score': 0.9718379974365234}",one_liners-47,curiousity
944,"{'label': 'LABEL_1', 'score': 0.595893144607544}",one_liners-47,curiousity
945,"{'label': 'LABEL_1', 'score': 0.5685633420944214}",one_liners-47,curiousity
946,"{'label': 'LABEL_0', 'score': 0.6543337106704712}",one_liners-47,curiousity
947,"{'label': 'LABEL_0', 'score': 0.9810540676116943}",one_liners-47,curiousity
948,"{'label': 'LABEL_0', 'score': 0.6870269775390625}",one_liners-47,curiousity
949,"{'label': 'LABEL_0', 'score': 0.7832374572753906}",one_liners-47,curiousity
950,"{'label': 'LABEL_0', 'score': 0.6191906332969666}",one_liners-47,curiousity
951,"{'label': 'LABEL_0', 'score': 0.5277635455131531}",one_liners-47,curiousity
952,"{'label': 'LABEL_0', 'score': 0.7233233451843262}",one_liners-47,curiousity
953,"{'label': 'LABEL_0', 'score': 0.8108580708503723}",one_liners-47,curiousity
954,"{'label': 'LABEL_0', 'score': 0.8731364011764526}",one_liners-47,curiousity
955,"{'label': 'LABEL_0', 'score': 0.9934723377227783}",one_liners-47,curiousity
956,"{'label': 'LABEL_1', 'score': 0.5043908953666687}",one_liners-47,curiousity
957,"{'label': 'LABEL_0', 'score': 0.5067619681358337}",one_liners-47,curiousity
958,"{'label': 'LABEL_0', 'score': 0.8430283665657043}",one_liners-47,curiousity
959,"{'label': 'LABEL_0', 'score': 0.8795888423919678}",one_liners-47,curiousity
960,"{'label': 'LABEL_0', 'score': 0.9438369870185852}",one_liners-47,curiousity
961,"{'label': 'LABEL_0', 'score': 0.7731849551200867}",one_liners-47,curiousity
962,"{'label': 'LABEL_1', 'score': 0.651343047618866}",one_liners-47,curiousity
963,"{'label': 'LABEL_0', 'score': 0.5840889811515808}",one_liners-47,curiousity
964,"{'label': 'LABEL_0', 'score': 0.7078232169151306}",one_liners-47,curiousity
965,"{'label': 'LABEL_0', 'score': 0.5477425456047058}",one_liners-47,curiousity
966,"{'label': 'LABEL_1', 'score': 0.5675835013389587}",one_liners-47,curiousity
967,"{'label': 'LABEL_0', 'score': 0.9399200677871704}",one_liners-47,curiousity
968,"{'label': 'LABEL_1', 'score': 0.5192023515701294}",one_liners-47,curiousity
969,"{'label': 'LABEL_1', 'score': 0.502579391002655}",one_liners-47,curiousity
970,"{'label': 'LABEL_1', 'score': 0.6166844367980957}",one_liners-47,curiousity
971,"{'label': 'LABEL_0', 'score': 0.9776548147201538}",one_liners-47,curiousity
972,"{'label': 'LABEL_0', 'score': 0.838845431804657}",one_liners-47,curiousity
973,"{'label': 'LABEL_0', 'score': 0.8949023485183716}",one_liners-47,curiousity
974,"{'label': 'LABEL_0', 'score': 0.6915221810340881}",one_liners-47,curiousity
975,"{'label': 'LABEL_0', 'score': 0.9539506435394287}",one_liners-47,curiousity
976,"{'label': 'LABEL_0', 'score': 0.5735493898391724}",one_liners-47,curiousity
977,"{'label': 'LABEL_1', 'score': 0.5265008211135864}",one_liners-47,curiousity
978,"{'label': 'LABEL_1', 'score': 0.597495436668396}",one_liners-47,curiousity
979,"{'label': 'LABEL_1', 'score': 0.6033874750137329}",one_liners-47,curiousity
980,"{'label': 'LABEL_0', 'score': 0.5053656697273254}",one_liners-47,curiousity
981,"{'label': 'LABEL_0', 'score': 0.5535045862197876}",one_liners-47,curiousity
982,"{'label': 'LABEL_0', 'score': 0.6814682483673096}",one_liners-47,curiousity
983,"{'label': 'LABEL_0', 'score': 0.6717715263366699}",one_liners-47,curiousity
984,"{'label': 'LABEL_0', 'score': 0.8163266181945801}",one_liners-47,curiousity
985,"{'label': 'LABEL_1', 'score': 0.7686058878898621}",one_liners-47,curiousity
986,"{'label': 'LABEL_0', 'score': 0.7284120321273804}",one_liners-47,curiousity
987,"{'label': 'LABEL_1', 'score': 0.5734221935272217}",one_liners-47,curiousity
988,"{'label': 'LABEL_1', 'score': 0.9062297344207764}",one_liners-47,curiousity
989,"{'label': 'LABEL_1', 'score': 0.6042446494102478}",one_liners-47,curiousity
990,"{'label': 'LABEL_0', 'score': 0.8285064697265625}",one_liners-47,curiousity
991,"{'label': 'LABEL_0', 'score': 0.6673179268836975}",one_liners-47,curiousity
992,"{'label': 'LABEL_0', 'score': 0.9747512340545654}",one_liners-47,curiousity
993,"{'label': 'LABEL_0', 'score': 0.8100661635398865}",one_liners-47,curiousity
994,"{'label': 'LABEL_0', 'score': 0.8658357262611389}",one_liners-47,curiousity
995,"{'label': 'LABEL_0', 'score': 0.8912779092788696}",one_liners-47,curiousity
996,"{'label': 'LABEL_0', 'score': 0.6739062070846558}",one_liners-47,curiousity
997,"{'label': 'LABEL_0', 'score': 0.5752444863319397}",one_liners-47,curiousity
998,"{'label': 'LABEL_1', 'score': 0.5165790319442749}",one_liners-47,curiousity
999,"{'label': 'LABEL_0', 'score': 0.5160697102546692}",one_liners-47,curiousity
1000,"{'label': 'LABEL_0', 'score': 0.7531191110610962}",one_liners-47,curiousity
1001,"{'label': 'LABEL_1', 'score': 0.6001344323158264}",one_liners-47,curiousity
1002,"{'label': 'LABEL_1', 'score': 0.6052563786506653}",one_liners-47,curiousity
1003,"{'label': 'LABEL_0', 'score': 0.5084118247032166}",one_liners-47,curiousity
1004,"{'label': 'LABEL_0', 'score': 0.5767335295677185}",one_liners-47,curiousity
1005,"{'label': 'LABEL_1', 'score': 0.7996558547019958}",one_liners-47,curiousity
1006,"{'label': 'LABEL_1', 'score': 0.6920696496963501}",one_liners-47,curiousity
1007,"{'label': 'LABEL_1', 'score': 0.610767662525177}",one_liners-47,curiousity
1008,"{'label': 'LABEL_1', 'score': 0.5560618042945862}",one_liners-47,curiousity
1009,"{'label': 'LABEL_0', 'score': 0.8064209818840027}",one_liners-47,curiousity
1010,"{'label': 'LABEL_0', 'score': 0.8022019267082214}",one_liners-47,curiousity
1011,"{'label': 'LABEL_1', 'score': 0.7192728519439697}",one_liners-47,curiousity
1012,"{'label': 'LABEL_1', 'score': 0.8187432885169983}",one_liners-47,curiousity
1013,"{'label': 'LABEL_1', 'score': 0.6763910055160522}",one_liners-47,curiousity
1014,"{'label': 'LABEL_1', 'score': 0.6413143873214722}",one_liners-47,curiousity
1015,"{'label': 'LABEL_0', 'score': 0.7063950896263123}",one_liners-47,curiousity
1016,"{'label': 'LABEL_0', 'score': 0.9433463215827942}",one_liners-47,curiousity
1017,"{'label': 'LABEL_0', 'score': 0.7175975441932678}",one_liners-47,curiousity
1018,"{'label': 'LABEL_0', 'score': 0.7029650211334229}",one_liners-47,curiousity
1019,"{'label': 'LABEL_0', 'score': 0.8800562620162964}",one_liners-47,curiousity
1020,"{'label': 'LABEL_0', 'score': 0.713789701461792}",one_liners-47,curiousity
1021,"{'label': 'LABEL_1', 'score': 0.6429303288459778}",one_liners-47,curiousity
1022,"{'label': 'LABEL_0', 'score': 0.6664607524871826}",one_liners-47,curiousity
1023,"{'label': 'LABEL_0', 'score': 0.527327299118042}",one_liners-47,curiousity
1024,"{'label': 'LABEL_0', 'score': 0.6394518613815308}",one_liners-47,curiousity
1025,"{'label': 'LABEL_0', 'score': 0.6469289660453796}",one_liners-47,curiousity
1026,"{'label': 'LABEL_0', 'score': 0.5498970746994019}",one_liners-47,curiousity
1027,"{'label': 'LABEL_1', 'score': 0.6921873688697815}",one_liners-47,curiousity
1028,"{'label': 'LABEL_1', 'score': 0.553860604763031}",one_liners-47,curiousity
1029,"{'label': 'LABEL_1', 'score': 0.8552154302597046}",one_liners-47,curiousity
1030,"{'label': 'LABEL_0', 'score': 0.7146888375282288}",one_liners-47,curiousity
1031,"{'label': 'LABEL_0', 'score': 0.8245121240615845}",one_liners-47,curiousity
1032,"{'label': 'LABEL_0', 'score': 0.637685239315033}",one_liners-47,curiousity
1033,"{'label': 'LABEL_0', 'score': 0.8233901858329773}",one_liners-47,curiousity
1034,"{'label': 'LABEL_0', 'score': 0.8453728556632996}",one_liners-47,curiousity
1035,"{'label': 'LABEL_0', 'score': 0.8290824294090271}",one_liners-47,curiousity
1036,"{'label': 'LABEL_0', 'score': 0.5236361622810364}",one_liners-47,curiousity
1037,"{'label': 'LABEL_0', 'score': 0.566685140132904}",one_liners-47,curiousity
1038,"{'label': 'LABEL_0', 'score': 0.5785480737686157}",one_liners-47,curiousity
1039,"{'label': 'LABEL_0', 'score': 0.5116291642189026}",one_liners-47,curiousity
1040,"{'label': 'LABEL_0', 'score': 0.9714152812957764}",one_liners-47,curiousity
1041,"{'label': 'LABEL_0', 'score': 0.819728672504425}",one_liners-47,curiousity
1042,"{'label': 'LABEL_1', 'score': 0.8123390078544617}",one_liners-47,curiousity
1043,"{'label': 'LABEL_1', 'score': 0.5486800074577332}",one_liners-47,curiousity
1044,"{'label': 'LABEL_0', 'score': 0.8508097529411316}",one_liners-47,curiousity
1045,"{'label': 'LABEL_0', 'score': 0.8434050679206848}",one_liners-47,curiousity
1046,"{'label': 'LABEL_0', 'score': 0.6826613545417786}",one_liners-47,curiousity
1047,"{'label': 'LABEL_1', 'score': 0.7029463052749634}",one_liners-47,curiousity
1048,"{'label': 'LABEL_1', 'score': 0.6241753101348877}",one_liners-47,curiousity
1049,"{'label': 'LABEL_0', 'score': 0.8038397431373596}",one_liners-47,curiousity
1050,"{'label': 'LABEL_0', 'score': 0.8831121325492859}",one_liners-47,curiousity
1051,"{'label': 'LABEL_1', 'score': 0.8137118220329285}",one_liners-47,curiousity
1052,"{'label': 'LABEL_1', 'score': 0.5401788353919983}",one_liners-47,curiousity
1053,"{'label': 'LABEL_0', 'score': 0.6042457818984985}",one_liners-47,curiousity
1054,"{'label': 'LABEL_0', 'score': 0.8923066854476929}",one_liners-47,curiousity
1055,"{'label': 'LABEL_0', 'score': 0.8662271499633789}",one_liners-47,curiousity
1056,"{'label': 'LABEL_0', 'score': 0.5744093656539917}",one_liners-47,curiousity
1057,"{'label': 'LABEL_1', 'score': 0.8317034244537354}",one_liners-47,curiousity
1058,"{'label': 'LABEL_1', 'score': 0.6683847308158875}",one_liners-47,curiousity
1059,"{'label': 'LABEL_0', 'score': 0.7026646733283997}",one_liners-47,curiousity
1060,"{'label': 'LABEL_1', 'score': 0.5536420941352844}",one_liners-47,curiousity
1061,"{'label': 'LABEL_0', 'score': 0.5679103136062622}",one_liners-47,curiousity
1062,"{'label': 'LABEL_0', 'score': 0.6687289476394653}",one_liners-47,curiousity
1063,"{'label': 'LABEL_0', 'score': 0.7589108347892761}",one_liners-47,curiousity
1064,"{'label': 'LABEL_0', 'score': 0.6426189541816711}",one_liners-47,curiousity
1065,"{'label': 'LABEL_0', 'score': 0.7250908017158508}",one_liners-47,curiousity
1066,"{'label': 'LABEL_0', 'score': 0.7031636238098145}",one_liners-47,curiousity
1067,"{'label': 'LABEL_0', 'score': 0.7544771432876587}",one_liners-47,curiousity
1068,"{'label': 'LABEL_0', 'score': 0.6507294178009033}",one_liners-47,curiousity
1069,"{'label': 'LABEL_0', 'score': 0.6117737293243408}",one_liners-47,curiousity
1070,"{'label': 'LABEL_0', 'score': 0.6425678730010986}",one_liners-47,curiousity
1071,"{'label': 'LABEL_1', 'score': 0.5282526612281799}",one_liners-47,curiousity
1072,"{'label': 'LABEL_0', 'score': 0.5299149751663208}",one_liners-47,curiousity
1073,"{'label': 'LABEL_1', 'score': 0.5545194745063782}",one_liners-47,curiousity
1074,"{'label': 'LABEL_1', 'score': 0.7002208232879639}",one_liners-47,curiousity
1075,"{'label': 'LABEL_0', 'score': 0.5963433384895325}",one_liners-47,curiousity
1076,"{'label': 'LABEL_0', 'score': 0.7920196652412415}",one_liners-47,curiousity
1077,"{'label': 'LABEL_0', 'score': 0.5224701762199402}",one_liners-47,curiousity
1078,"{'label': 'LABEL_1', 'score': 0.5050053596496582}",one_liners-47,curiousity
1079,"{'label': 'LABEL_0', 'score': 0.5094218254089355}",one_liners-47,curiousity
1080,"{'label': 'LABEL_0', 'score': 0.7831607460975647}",one_liners-47,curiousity
1081,"{'label': 'LABEL_0', 'score': 0.5951266884803772}",one_liners-47,curiousity
1082,"{'label': 'LABEL_1', 'score': 0.8331917524337769}",one_liners-47,curiousity
1083,"{'label': 'LABEL_0', 'score': 0.7789621949195862}",one_liners-47,curiousity
1084,"{'label': 'LABEL_0', 'score': 0.7206404209136963}",one_liners-47,curiousity
1085,"{'label': 'LABEL_1', 'score': 0.7927749156951904}",one_liners-47,curiousity
1086,"{'label': 'LABEL_1', 'score': 0.8149229884147644}",one_liners-47,curiousity
1087,"{'label': 'LABEL_0', 'score': 0.8657737374305725}",one_liners-47,curiousity
1088,"{'label': 'LABEL_0', 'score': 0.7808458209037781}",one_liners-47,curiousity
1089,"{'label': 'LABEL_0', 'score': 0.7885614633560181}",one_liners-47,curiousity
1090,"{'label': 'LABEL_1', 'score': 0.7013688087463379}",one_liners-47,curiousity
1091,"{'label': 'LABEL_0', 'score': 0.9758592247962952}",one_liners-47,curiousity
1092,"{'label': 'LABEL_0', 'score': 0.6695733070373535}",one_liners-47,curiousity
1093,"{'label': 'LABEL_1', 'score': 0.5621432065963745}",one_liners-47,curiousity
1094,"{'label': 'LABEL_1', 'score': 0.5085289478302002}",one_liners-47,curiousity
1095,"{'label': 'LABEL_0', 'score': 0.6523229479789734}",one_liners-47,curiousity
1096,"{'label': 'LABEL_1', 'score': 0.5207012891769409}",one_liners-47,curiousity
1097,"{'label': 'LABEL_1', 'score': 0.9734532833099365}",one_liners-47,curiousity
1098,"{'label': 'LABEL_1', 'score': 0.6660565733909607}",one_liners-47,curiousity
1099,"{'label': 'LABEL_1', 'score': 0.6831383109092712}",one_liners-47,curiousity
1100,"{'label': 'LABEL_1', 'score': 0.6413299441337585}",one_liners-47,curiousity
1101,"{'label': 'LABEL_1', 'score': 0.57295823097229}",one_liners-47,curiousity
1102,"{'label': 'LABEL_0', 'score': 0.5041741728782654}",one_liners-47,curiousity
1103,"{'label': 'LABEL_0', 'score': 0.605764627456665}",one_liners-47,curiousity
1104,"{'label': 'LABEL_0', 'score': 0.8093599677085876}",one_liners-47,curiousity
1105,"{'label': 'LABEL_0', 'score': 0.7330079674720764}",one_liners-47,curiousity
1106,"{'label': 'LABEL_1', 'score': 0.5298641324043274}",one_liners-47,curiousity
1107,"{'label': 'LABEL_1', 'score': 0.5198155641555786}",one_liners-47,curiousity
1108,"{'label': 'LABEL_1', 'score': 0.5232808589935303}",one_liners-47,curiousity
1109,"{'label': 'LABEL_0', 'score': 0.624725878238678}",one_liners-47,curiousity
1110,"{'label': 'LABEL_1', 'score': 0.5154393911361694}",one_liners-47,curiousity
1111,"{'label': 'LABEL_0', 'score': 0.6179859638214111}",one_liners-47,curiousity
1112,"{'label': 'LABEL_0', 'score': 0.8806027173995972}",one_liners-47,curiousity
1113,"{'label': 'LABEL_0', 'score': 0.5710324048995972}",one_liners-47,curiousity
1114,"{'label': 'LABEL_1', 'score': 0.5469449162483215}",one_liners-47,curiousity
1115,"{'label': 'LABEL_0', 'score': 0.5487678050994873}",one_liners-47,curiousity
1116,"{'label': 'LABEL_0', 'score': 0.5538261532783508}",one_liners-47,curiousity
1117,"{'label': 'LABEL_0', 'score': 0.5866183042526245}",one_liners-47,curiousity
1118,"{'label': 'LABEL_1', 'score': 0.6159732341766357}",one_liners-47,curiousity
1119,"{'label': 'LABEL_1', 'score': 0.6411920785903931}",one_liners-47,curiousity
1120,"{'label': 'LABEL_1', 'score': 0.5324910879135132}",one_liners-47,curiousity
1121,"{'label': 'LABEL_0', 'score': 0.6853850483894348}",one_liners-47,curiousity
1122,"{'label': 'LABEL_1', 'score': 0.6672037839889526}",one_liners-47,curiousity
1123,"{'label': 'LABEL_1', 'score': 0.7582535147666931}",one_liners-47,curiousity
1124,"{'label': 'LABEL_1', 'score': 0.5038638710975647}",one_liners-47,curiousity
1125,"{'label': 'LABEL_1', 'score': 0.6477531790733337}",one_liners-47,curiousity
1126,"{'label': 'LABEL_0', 'score': 0.6002520322799683}",one_liners-47,curiousity
1127,"{'label': 'LABEL_1', 'score': 0.5349830389022827}",one_liners-47,curiousity
1128,"{'label': 'LABEL_1', 'score': 0.5299735069274902}",one_liners-47,curiousity
1129,"{'label': 'LABEL_0', 'score': 0.9226945042610168}",one_liners-47,curiousity
1130,"{'label': 'LABEL_0', 'score': 0.870293378829956}",one_liners-47,curiousity
1131,"{'label': 'LABEL_0', 'score': 0.7233725190162659}",one_liners-47,curiousity
1132,"{'label': 'LABEL_0', 'score': 0.7913797497749329}",one_liners-47,curiousity
1133,"{'label': 'LABEL_0', 'score': 0.8446587324142456}",one_liners-47,curiousity
1134,"{'label': 'LABEL_1', 'score': 0.7576823234558105}",one_liners-47,curiousity
1135,"{'label': 'LABEL_1', 'score': 0.7302287817001343}",one_liners-47,curiousity
1136,"{'label': 'LABEL_1', 'score': 0.7363608479499817}",one_liners-47,curiousity
1137,"{'label': 'LABEL_1', 'score': 0.5445753931999207}",one_liners-47,curiousity
1138,"{'label': 'LABEL_1', 'score': 0.8179847598075867}",one_liners-47,curiousity
1139,"{'label': 'LABEL_0', 'score': 0.5067979693412781}",one_liners-47,curiousity
1140,"{'label': 'LABEL_1', 'score': 0.7068144679069519}",one_liners-47,curiousity
1141,"{'label': 'LABEL_1', 'score': 0.7855396270751953}",one_liners-47,curiousity
1142,"{'label': 'LABEL_0', 'score': 0.8341953158378601}",one_liners-47,curiousity
1143,"{'label': 'LABEL_0', 'score': 0.6353302001953125}",one_liners-47,curiousity
1144,"{'label': 'LABEL_1', 'score': 0.7450733780860901}",one_liners-47,curiousity
1145,"{'label': 'LABEL_1', 'score': 0.7419708371162415}",one_liners-47,curiousity
1146,"{'label': 'LABEL_0', 'score': 0.5508877635002136}",one_liners-47,curiousity
1147,"{'label': 'LABEL_1', 'score': 0.526050865650177}",one_liners-47,curiousity
1148,"{'label': 'LABEL_0', 'score': 0.5507258176803589}",one_liners-47,curiousity
1149,"{'label': 'LABEL_1', 'score': 0.5238574743270874}",one_liners-47,curiousity
1150,"{'label': 'LABEL_0', 'score': 0.5063417553901672}",one_liners-47,curiousity
1151,"{'label': 'LABEL_0', 'score': 0.7910279631614685}",one_liners-47,curiousity
1152,"{'label': 'LABEL_0', 'score': 0.6036362648010254}",one_liners-47,curiousity
1153,"{'label': 'LABEL_0', 'score': 0.8438128232955933}",one_liners-47,curiousity
1154,"{'label': 'LABEL_0', 'score': 0.7372148633003235}",one_liners-47,curiousity
1155,"{'label': 'LABEL_0', 'score': 0.6645791530609131}",one_liners-47,curiousity
1156,"{'label': 'LABEL_0', 'score': 0.5679155588150024}",one_liners-47,curiousity
1157,"{'label': 'LABEL_1', 'score': 0.546942412853241}",one_liners-47,curiousity
1158,"{'label': 'LABEL_0', 'score': 0.5167248845100403}",one_liners-47,curiousity
1159,"{'label': 'LABEL_0', 'score': 0.5487262010574341}",one_liners-47,curiousity
1160,"{'label': 'LABEL_1', 'score': 0.6241353154182434}",one_liners-47,curiousity
1161,"{'label': 'LABEL_1', 'score': 0.634095311164856}",one_liners-47,curiousity
1162,"{'label': 'LABEL_0', 'score': 0.8274629712104797}",one_liners-47,curiousity
1163,"{'label': 'LABEL_0', 'score': 0.6263642311096191}",one_liners-47,curiousity
1164,"{'label': 'LABEL_0', 'score': 0.60886150598526}",one_liners-47,curiousity
1165,"{'label': 'LABEL_0', 'score': 0.62229984998703}",one_liners-47,curiousity
1166,"{'label': 'LABEL_0', 'score': 0.5886526107788086}",one_liners-47,curiousity
1167,"{'label': 'LABEL_1', 'score': 0.6001317501068115}",one_liners-47,curiousity
1168,"{'label': 'LABEL_1', 'score': 0.5826786756515503}",one_liners-47,curiousity
1169,"{'label': 'LABEL_1', 'score': 0.5296752452850342}",one_liners-47,curiousity
1170,"{'label': 'LABEL_0', 'score': 0.8246462941169739}",one_liners-47,curiousity
1171,"{'label': 'LABEL_0', 'score': 0.6281234622001648}",one_liners-47,curiousity
1172,"{'label': 'LABEL_0', 'score': 0.56723552942276}",one_liners-47,curiousity
1173,"{'label': 'LABEL_0', 'score': 0.784022331237793}",one_liners-47,curiousity
1174,"{'label': 'LABEL_0', 'score': 0.5723379254341125}",one_liners-47,curiousity
1175,"{'label': 'LABEL_0', 'score': 0.5561850070953369}",one_liners-47,curiousity
1176,"{'label': 'LABEL_0', 'score': 0.6639798283576965}",one_liners-47,curiousity
1177,"{'label': 'LABEL_0', 'score': 0.5664279460906982}",one_liners-47,curiousity
1178,"{'label': 'LABEL_0', 'score': 0.6104116439819336}",one_liners-47,curiousity
1179,"{'label': 'LABEL_1', 'score': 0.8527582287788391}",one_liners-47,curiousity
1180,"{'label': 'LABEL_1', 'score': 0.855877697467804}",one_liners-47,curiousity
1181,"{'label': 'LABEL_1', 'score': 0.6630991101264954}",one_liners-47,curiousity
1182,"{'label': 'LABEL_1', 'score': 0.773840606212616}",one_liners-47,curiousity
1183,"{'label': 'LABEL_0', 'score': 0.9105641841888428}",one_liners-47,curiousity
1184,"{'label': 'LABEL_0', 'score': 0.9729087352752686}",one_liners-47,curiousity
1185,"{'label': 'LABEL_0', 'score': 0.5639169216156006}",one_liners-47,curiousity
1186,"{'label': 'LABEL_1', 'score': 0.6131508946418762}",one_liners-47,curiousity
1187,"{'label': 'LABEL_1', 'score': 0.6008954048156738}",one_liners-47,curiousity
1188,"{'label': 'LABEL_1', 'score': 0.6547579169273376}",one_liners-47,curiousity
1189,"{'label': 'LABEL_1', 'score': 0.8667885661125183}",one_liners-47,curiousity
1190,"{'label': 'LABEL_0', 'score': 0.5092763900756836}",one_liners-47,curiousity
1191,"{'label': 'LABEL_0', 'score': 0.8871060609817505}",one_liners-47,curiousity
1192,"{'label': 'LABEL_1', 'score': 0.6209083199501038}",one_liners-47,curiousity
1193,"{'label': 'LABEL_1', 'score': 0.7075009942054749}",one_liners-47,curiousity
1194,"{'label': 'LABEL_0', 'score': 0.6364582777023315}",one_liners-47,curiousity
1195,"{'label': 'LABEL_0', 'score': 0.9550672769546509}",one_liners-47,curiousity
1196,"{'label': 'LABEL_0', 'score': 0.6890893578529358}",one_liners-47,curiousity
1197,"{'label': 'LABEL_1', 'score': 0.5150930285453796}",one_liners-47,curiousity
1198,"{'label': 'LABEL_1', 'score': 0.5510880351066589}",one_liners-47,curiousity
1199,"{'label': 'LABEL_0', 'score': 0.7796154618263245}",one_liners-47,curiousity
1200,"{'label': 'LABEL_0', 'score': 0.7738233208656311}",one_liners-47,curiousity
1201,"{'label': 'LABEL_0', 'score': 0.753114640712738}",one_liners-47,curiousity
1202,"{'label': 'LABEL_1', 'score': 0.5601592659950256}",one_liners-47,curiousity
1203,"{'label': 'LABEL_1', 'score': 0.6549138426780701}",one_liners-47,curiousity
1204,"{'label': 'LABEL_1', 'score': 0.6093245148658752}",one_liners-47,curiousity
1205,"{'label': 'LABEL_0', 'score': 0.5093639492988586}",one_liners-47,curiousity
1206,"{'label': 'LABEL_0', 'score': 0.5075401067733765}",one_liners-47,curiousity
1207,"{'label': 'LABEL_0', 'score': 0.8724185824394226}",one_liners-47,curiousity
1208,"{'label': 'LABEL_0', 'score': 0.5714501738548279}",one_liners-47,curiousity
1209,"{'label': 'LABEL_0', 'score': 0.6313006281852722}",one_liners-47,curiousity
1210,"{'label': 'LABEL_1', 'score': 0.8885561227798462}",one_liners-47,curiousity
1211,"{'label': 'LABEL_1', 'score': 0.5986388921737671}",one_liners-47,curiousity
1212,"{'label': 'LABEL_1', 'score': 0.8443517684936523}",one_liners-47,curiousity
1213,"{'label': 'LABEL_1', 'score': 0.821573793888092}",one_liners-47,curiousity
1214,"{'label': 'LABEL_0', 'score': 0.975760281085968}",one_liners-47,curiousity
1215,"{'label': 'LABEL_0', 'score': 0.8666270971298218}",one_liners-47,curiousity
1216,"{'label': 'LABEL_0', 'score': 0.9666574597358704}",one_liners-47,curiousity
1217,"{'label': 'LABEL_0', 'score': 0.8901766538619995}",one_liners-47,curiousity
1218,"{'label': 'LABEL_0', 'score': 0.5066652894020081}",one_liners-47,curiousity
1219,"{'label': 'LABEL_0', 'score': 0.5025898814201355}",one_liners-47,curiousity
1220,"{'label': 'LABEL_0', 'score': 0.5963889956474304}",one_liners-47,curiousity
1221,"{'label': 'LABEL_1', 'score': 0.8741506338119507}",one_liners-47,curiousity
1222,"{'label': 'LABEL_1', 'score': 0.8198195695877075}",one_liners-47,curiousity
1223,"{'label': 'LABEL_0', 'score': 0.8344008326530457}",one_liners-47,curiousity
1224,"{'label': 'LABEL_0', 'score': 0.8513779044151306}",one_liners-47,curiousity
1225,"{'label': 'LABEL_0', 'score': 0.9217076897621155}",one_liners-47,curiousity
1226,"{'label': 'LABEL_0', 'score': 0.8907479643821716}",one_liners-47,curiousity
1227,"{'label': 'LABEL_1', 'score': 0.5272769331932068}",one_liners-47,curiousity
1228,"{'label': 'LABEL_1', 'score': 0.7923803925514221}",one_liners-47,curiousity
1229,"{'label': 'LABEL_1', 'score': 0.6052895188331604}",one_liners-47,curiousity
1230,"{'label': 'LABEL_0', 'score': 0.8066513538360596}",one_liners-47,curiousity
1231,"{'label': 'LABEL_1', 'score': 0.616717517375946}",one_liners-47,curiousity
1232,"{'label': 'LABEL_1', 'score': 0.5647782683372498}",one_liners-47,curiousity
1233,"{'label': 'LABEL_1', 'score': 0.5810859799385071}",one_liners-47,curiousity
1234,"{'label': 'LABEL_0', 'score': 0.8608671426773071}",one_liners-47,curiousity
1235,"{'label': 'LABEL_0', 'score': 0.72437983751297}",one_liners-47,curiousity
1236,"{'label': 'LABEL_1', 'score': 0.5389457941055298}",one_liners-47,curiousity
1237,"{'label': 'LABEL_1', 'score': 0.5634549856185913}",one_liners-47,curiousity
1238,"{'label': 'LABEL_0', 'score': 0.881206750869751}",one_liners-47,curiousity
1239,"{'label': 'LABEL_0', 'score': 0.8098048567771912}",one_liners-47,curiousity
1240,"{'label': 'LABEL_0', 'score': 0.9302242398262024}",one_liners-47,curiousity
1241,"{'label': 'LABEL_0', 'score': 0.7639932036399841}",one_liners-47,curiousity
1242,"{'label': 'LABEL_0', 'score': 0.5204826593399048}",one_liners-47,curiousity
1243,"{'label': 'LABEL_1', 'score': 0.5055893063545227}",one_liners-47,curiousity
1244,"{'label': 'LABEL_1', 'score': 0.8154013156890869}",one_liners-47,curiousity
1245,"{'label': 'LABEL_1', 'score': 0.7734608054161072}",one_liners-47,curiousity
1246,"{'label': 'LABEL_1', 'score': 0.7422551512718201}",one_liners-47,curiousity
1247,"{'label': 'LABEL_0', 'score': 0.9834905862808228}",one_liners-47,curiousity
1248,"{'label': 'LABEL_0', 'score': 0.8352614045143127}",one_liners-47,curiousity
1249,"{'label': 'LABEL_0', 'score': 0.6408342719078064}",one_liners-47,curiousity
1250,"{'label': 'LABEL_1', 'score': 0.5333123803138733}",one_liners-47,curiousity
1251,"{'label': 'LABEL_0', 'score': 0.6492164134979248}",one_liners-47,curiousity
1252,"{'label': 'LABEL_0', 'score': 0.6739210486412048}",one_liners-47,curiousity
1253,"{'label': 'LABEL_0', 'score': 0.8174175024032593}",one_liners-47,curiousity
1254,"{'label': 'LABEL_1', 'score': 0.5256063938140869}",one_liners-47,curiousity
1255,"{'label': 'LABEL_0', 'score': 0.6577815413475037}",one_liners-47,curiousity
1256,"{'label': 'LABEL_0', 'score': 0.6431668400764465}",one_liners-47,curiousity
1257,"{'label': 'LABEL_0', 'score': 0.6511557698249817}",one_liners-47,curiousity
1258,"{'label': 'LABEL_1', 'score': 0.6916128396987915}",one_liners-47,curiousity
1259,"{'label': 'LABEL_1', 'score': 0.5023717880249023}",one_liners-47,curiousity
1260,"{'label': 'LABEL_0', 'score': 0.6583313345909119}",one_liners-47,curiousity
1261,"{'label': 'LABEL_1', 'score': 0.555531919002533}",one_liners-47,curiousity
1262,"{'label': 'LABEL_1', 'score': 0.6908381581306458}",one_liners-47,curiousity
1263,"{'label': 'LABEL_0', 'score': 0.7025638222694397}",one_liners-47,curiousity
1264,"{'label': 'LABEL_0', 'score': 0.8273921608924866}",one_liners-47,curiousity
1265,"{'label': 'LABEL_1', 'score': 0.6218393445014954}",one_liners-47,curiousity
1266,"{'label': 'LABEL_1', 'score': 0.6565450429916382}",one_liners-47,curiousity
1267,"{'label': 'LABEL_1', 'score': 0.7140889167785645}",one_liners-47,curiousity
1268,"{'label': 'LABEL_1', 'score': 0.5531418323516846}",one_liners-47,curiousity
1269,"{'label': 'LABEL_1', 'score': 0.5688621997833252}",one_liners-47,curiousity
1270,"{'label': 'LABEL_1', 'score': 0.6111599802970886}",one_liners-47,curiousity
1271,"{'label': 'LABEL_1', 'score': 0.792834460735321}",one_liners-47,curiousity
1272,"{'label': 'LABEL_0', 'score': 0.5441612601280212}",one_liners-47,curiousity
1273,"{'label': 'LABEL_1', 'score': 0.7129762172698975}",one_liners-47,curiousity
1274,"{'label': 'LABEL_1', 'score': 0.8034805059432983}",one_liners-47,curiousity
1275,"{'label': 'LABEL_1', 'score': 0.8110759258270264}",one_liners-47,curiousity
1276,"{'label': 'LABEL_0', 'score': 0.6207990646362305}",one_liners-47,curiousity
1277,"{'label': 'LABEL_1', 'score': 0.7031373977661133}",one_liners-47,curiousity
1278,"{'label': 'LABEL_0', 'score': 0.8175085186958313}",one_liners-47,curiousity
1279,"{'label': 'LABEL_0', 'score': 0.8310572504997253}",one_liners-47,curiousity
1280,"{'label': 'LABEL_0', 'score': 0.9290310740470886}",one_liners-47,curiousity
1281,"{'label': 'LABEL_0', 'score': 0.8769914507865906}",one_liners-47,curiousity
1282,"{'label': 'LABEL_1', 'score': 0.5193619728088379}",one_liners-47,curiousity
1283,"{'label': 'LABEL_0', 'score': 0.5667662620544434}",one_liners-47,curiousity
1284,"{'label': 'LABEL_0', 'score': 0.7690498232841492}",one_liners-47,curiousity
1285,"{'label': 'LABEL_0', 'score': 0.585024356842041}",one_liners-47,curiousity
1286,"{'label': 'LABEL_0', 'score': 0.772881805896759}",one_liners-47,curiousity
1287,"{'label': 'LABEL_0', 'score': 0.5652444362640381}",one_liners-47,curiousity
1288,"{'label': 'LABEL_1', 'score': 0.6987191438674927}",one_liners-47,curiousity
1289,"{'label': 'LABEL_0', 'score': 0.5720465779304504}",one_liners-47,curiousity
1290,"{'label': 'LABEL_0', 'score': 0.7204461693763733}",one_liners-47,curiousity
1291,"{'label': 'LABEL_1', 'score': 0.5085740089416504}",one_liners-47,curiousity
1292,"{'label': 'LABEL_1', 'score': 0.59288489818573}",one_liners-47,curiousity
1293,"{'label': 'LABEL_1', 'score': 0.7050329446792603}",one_liners-47,curiousity
1294,"{'label': 'LABEL_1', 'score': 0.7850762009620667}",one_liners-47,curiousity
1295,"{'label': 'LABEL_1', 'score': 0.6152264475822449}",one_liners-47,curiousity
1296,"{'label': 'LABEL_1', 'score': 0.6769995093345642}",one_liners-47,curiousity
1297,"{'label': 'LABEL_1', 'score': 0.7116115689277649}",one_liners-47,curiousity
1298,"{'label': 'LABEL_0', 'score': 0.7943881154060364}",one_liners-47,curiousity
1299,"{'label': 'LABEL_1', 'score': 0.5195617079734802}",one_liners-47,curiousity
1300,"{'label': 'LABEL_0', 'score': 0.5237679481506348}",one_liners-47,curiousity
1301,"{'label': 'LABEL_1', 'score': 0.596871554851532}",one_liners-47,curiousity
1302,"{'label': 'LABEL_1', 'score': 0.6790616512298584}",one_liners-47,curiousity
1303,"{'label': 'LABEL_1', 'score': 0.8279631733894348}",one_liners-47,curiousity
1304,"{'label': 'LABEL_1', 'score': 0.9555736184120178}",one_liners-47,curiousity
1305,"{'label': 'LABEL_1', 'score': 0.5772733092308044}",one_liners-47,curiousity
1306,"{'label': 'LABEL_1', 'score': 0.5576971173286438}",one_liners-47,curiousity
1307,"{'label': 'LABEL_0', 'score': 0.6272436380386353}",one_liners-47,curiousity
1308,"{'label': 'LABEL_0', 'score': 0.5309754610061646}",one_liners-47,curiousity
1309,"{'label': 'LABEL_1', 'score': 0.5885715484619141}",one_liners-47,curiousity
1310,"{'label': 'LABEL_1', 'score': 0.5893211364746094}",one_liners-47,curiousity
1311,"{'label': 'LABEL_0', 'score': 0.6879693865776062}",one_liners-47,curiousity
1312,"{'label': 'LABEL_1', 'score': 0.6031640768051147}",one_liners-47,curiousity
1313,"{'label': 'LABEL_1', 'score': 0.7441707849502563}",one_liners-47,curiousity
1314,"{'label': 'LABEL_1', 'score': 0.8791976571083069}",one_liners-47,curiousity
1315,"{'label': 'LABEL_0', 'score': 0.5545189380645752}",one_liners-47,curiousity
1316,"{'label': 'LABEL_1', 'score': 0.6551706790924072}",one_liners-47,curiousity
1317,"{'label': 'LABEL_1', 'score': 0.7726868987083435}",one_liners-47,curiousity
1318,"{'label': 'LABEL_1', 'score': 0.753059983253479}",one_liners-47,curiousity
1319,"{'label': 'LABEL_1', 'score': 0.6155135035514832}",one_liners-47,curiousity
1320,"{'label': 'LABEL_0', 'score': 0.6355253458023071}",one_liners-47,curiousity
1321,"{'label': 'LABEL_0', 'score': 0.5474188327789307}",one_liners-47,curiousity
1322,"{'label': 'LABEL_0', 'score': 0.7636644244194031}",one_liners-47,curiousity
1323,"{'label': 'LABEL_0', 'score': 0.6660659909248352}",one_liners-47,curiousity
1324,"{'label': 'LABEL_0', 'score': 0.7456039786338806}",one_liners-47,curiousity
1325,"{'label': 'LABEL_0', 'score': 0.8913793563842773}",one_liners-47,curiousity
1326,"{'label': 'LABEL_0', 'score': 0.9330195188522339}",one_liners-47,curiousity
1327,"{'label': 'LABEL_0', 'score': 0.832863450050354}",one_liners-47,curiousity
1328,"{'label': 'LABEL_0', 'score': 0.8148162364959717}",one_liners-47,curiousity
1329,"{'label': 'LABEL_0', 'score': 0.8111900687217712}",one_liners-47,curiousity
1330,"{'label': 'LABEL_0', 'score': 0.7773128747940063}",one_liners-47,curiousity
1331,"{'label': 'LABEL_0', 'score': 0.7424353957176208}",one_liners-47,curiousity
1332,"{'label': 'LABEL_0', 'score': 0.604081928730011}",one_liners-47,curiousity
1333,"{'label': 'LABEL_0', 'score': 0.5480406284332275}",one_liners-47,curiousity
1334,"{'label': 'LABEL_1', 'score': 0.6731876730918884}",one_liners-47,curiousity
1335,"{'label': 'LABEL_1', 'score': 0.5716636776924133}",one_liners-47,curiousity
1336,"{'label': 'LABEL_1', 'score': 0.5409379601478577}",one_liners-47,curiousity
1337,"{'label': 'LABEL_1', 'score': 0.5626960396766663}",one_liners-47,curiousity
1338,"{'label': 'LABEL_0', 'score': 0.9729973077774048}",one_liners-47,curiousity
1339,"{'label': 'LABEL_1', 'score': 0.78452467918396}",one_liners-47,curiousity
1340,"{'label': 'LABEL_1', 'score': 0.6337254047393799}",one_liners-47,curiousity
1341,"{'label': 'LABEL_0', 'score': 0.6838493943214417}",one_liners-47,curiousity
1342,"{'label': 'LABEL_1', 'score': 0.593587338924408}",one_liners-47,curiousity
1343,"{'label': 'LABEL_1', 'score': 0.7940585017204285}",one_liners-47,curiousity
1344,"{'label': 'LABEL_1', 'score': 0.7592028379440308}",one_liners-47,curiousity
1345,"{'label': 'LABEL_0', 'score': 0.5099635720252991}",one_liners-47,curiousity
1346,"{'label': 'LABEL_0', 'score': 0.9297268986701965}",one_liners-47,curiousity
1347,"{'label': 'LABEL_0', 'score': 0.7061337828636169}",one_liners-47,curiousity
1348,"{'label': 'LABEL_1', 'score': 0.9215700626373291}",one_liners-47,curiousity
1349,"{'label': 'LABEL_0', 'score': 0.6637227535247803}",one_liners-47,curiousity
1350,"{'label': 'LABEL_1', 'score': 0.5318583250045776}",one_liners-47,curiousity
1351,"{'label': 'LABEL_0', 'score': 0.5281193852424622}",one_liners-47,curiousity
1352,"{'label': 'LABEL_1', 'score': 0.7072535753250122}",one_liners-47,curiousity
1353,"{'label': 'LABEL_1', 'score': 0.7760956883430481}",one_liners-47,curiousity
1354,"{'label': 'LABEL_1', 'score': 0.5250146389007568}",one_liners-47,curiousity
1355,"{'label': 'LABEL_0', 'score': 0.9444912075996399}",one_liners-47,curiousity
1356,"{'label': 'LABEL_1', 'score': 0.5271214246749878}",one_liners-47,curiousity
1357,"{'label': 'LABEL_0', 'score': 0.6704497933387756}",one_liners-47,curiousity
1358,"{'label': 'LABEL_0', 'score': 0.8852112293243408}",one_liners-47,curiousity
1359,"{'label': 'LABEL_0', 'score': 0.9851006865501404}",one_liners-47,curiousity
1360,"{'label': 'LABEL_0', 'score': 0.887185275554657}",one_liners-47,curiousity
1361,"{'label': 'LABEL_0', 'score': 0.8068438768386841}",one_liners-47,curiousity
1362,"{'label': 'LABEL_0', 'score': 0.6214250326156616}",one_liners-47,curiousity
1363,"{'label': 'LABEL_0', 'score': 0.7663789987564087}",one_liners-47,curiousity
1364,"{'label': 'LABEL_0', 'score': 0.7314983606338501}",one_liners-47,curiousity
1365,"{'label': 'LABEL_1', 'score': 0.656919538974762}",one_liners-47,curiousity
1366,"{'label': 'LABEL_1', 'score': 0.9179959297180176}",one_liners-47,curiousity
1367,"{'label': 'LABEL_1', 'score': 0.858081579208374}",one_liners-47,curiousity
1368,"{'label': 'LABEL_1', 'score': 0.8833673000335693}",one_liners-47,curiousity
1369,"{'label': 'LABEL_1', 'score': 0.9725635647773743}",one_liners-47,curiousity
1370,"{'label': 'LABEL_1', 'score': 0.8297845125198364}",one_liners-47,curiousity
1371,"{'label': 'LABEL_0', 'score': 0.7718701362609863}",one_liners-47,curiousity
1372,"{'label': 'LABEL_0', 'score': 0.8127155900001526}",one_liners-47,curiousity
1373,"{'label': 'LABEL_0', 'score': 0.9939987659454346}",one_liners-47,curiousity
1374,"{'label': 'LABEL_0', 'score': 0.8588705658912659}",one_liners-47,curiousity
1375,"{'label': 'LABEL_0', 'score': 0.7081776261329651}",one_liners-47,curiousity
1376,"{'label': 'LABEL_1', 'score': 0.5908672213554382}",one_liners-47,curiousity
1377,"{'label': 'LABEL_0', 'score': 0.79061359167099}",one_liners-47,curiousity
1378,"{'label': 'LABEL_0', 'score': 0.6414439678192139}",one_liners-47,curiousity
1379,"{'label': 'LABEL_0', 'score': 0.6991679668426514}",one_liners-47,curiousity
1380,"{'label': 'LABEL_0', 'score': 0.5786314010620117}",one_liners-47,curiousity
1381,"{'label': 'LABEL_0', 'score': 0.8396245837211609}",one_liners-47,curiousity
1382,"{'label': 'LABEL_0', 'score': 0.7751515507698059}",one_liners-47,curiousity
1383,"{'label': 'LABEL_0', 'score': 0.6105055212974548}",one_liners-47,curiousity
1384,"{'label': 'LABEL_0', 'score': 0.8767192959785461}",one_liners-47,curiousity
1385,"{'label': 'LABEL_0', 'score': 0.9478837251663208}",one_liners-47,curiousity
1386,"{'label': 'LABEL_1', 'score': 0.6749429702758789}",one_liners-47,curiousity
1387,"{'label': 'LABEL_0', 'score': 0.5304185152053833}",one_liners-47,curiousity
1388,"{'label': 'LABEL_0', 'score': 0.8364884257316589}",one_liners-47,curiousity
1389,"{'label': 'LABEL_0', 'score': 0.7645382285118103}",one_liners-47,curiousity
1390,"{'label': 'LABEL_1', 'score': 0.5136197805404663}",one_liners-47,curiousity
1391,"{'label': 'LABEL_0', 'score': 0.80143803358078}",one_liners-47,curiousity
1392,"{'label': 'LABEL_0', 'score': 0.6345709562301636}",one_liners-47,curiousity
1393,"{'label': 'LABEL_0', 'score': 0.6060126423835754}",one_liners-47,curiousity
1394,"{'label': 'LABEL_0', 'score': 0.6061025857925415}",one_liners-47,curiousity
1395,"{'label': 'LABEL_0', 'score': 0.8728111386299133}",one_liners-47,curiousity
1396,"{'label': 'LABEL_0', 'score': 0.9089903235435486}",one_liners-47,curiousity
1397,"{'label': 'LABEL_0', 'score': 0.5995748043060303}",one_liners-47,curiousity
1398,"{'label': 'LABEL_0', 'score': 0.542969286441803}",one_liners-47,curiousity
1399,"{'label': 'LABEL_0', 'score': 0.8725263476371765}",one_liners-47,curiousity
1400,"{'label': 'LABEL_0', 'score': 0.7790372967720032}",one_liners-47,curiousity
1401,"{'label': 'LABEL_0', 'score': 0.6943868398666382}",one_liners-47,curiousity
1402,"{'label': 'LABEL_0', 'score': 0.8559620380401611}",one_liners-47,curiousity
1403,"{'label': 'LABEL_1', 'score': 0.5307910442352295}",one_liners-47,curiousity
1404,"{'label': 'LABEL_1', 'score': 0.5423674583435059}",one_liners-47,curiousity
1405,"{'label': 'LABEL_0', 'score': 0.5885216593742371}",one_liners-47,curiousity
1406,"{'label': 'LABEL_1', 'score': 0.5606487393379211}",one_liners-47,curiousity
1407,"{'label': 'LABEL_1', 'score': 0.712982177734375}",one_liners-47,curiousity
1408,"{'label': 'LABEL_1', 'score': 0.5413476824760437}",one_liners-47,curiousity
1409,"{'label': 'LABEL_0', 'score': 0.7574615478515625}",one_liners-47,curiousity
1410,"{'label': 'LABEL_0', 'score': 0.8819179534912109}",one_liners-47,curiousity
1411,"{'label': 'LABEL_1', 'score': 0.5052669644355774}",one_liners-47,curiousity
1412,"{'label': 'LABEL_1', 'score': 0.5844054818153381}",one_liners-47,curiousity
1413,"{'label': 'LABEL_0', 'score': 0.6263320446014404}",one_liners-47,curiousity
1414,"{'label': 'LABEL_0', 'score': 0.7173147797584534}",one_liners-47,curiousity
1415,"{'label': 'LABEL_0', 'score': 0.6404819488525391}",one_liners-47,curiousity
1416,"{'label': 'LABEL_0', 'score': 0.6051790118217468}",one_liners-47,curiousity
1417,"{'label': 'LABEL_0', 'score': 0.7602910399436951}",one_liners-47,curiousity
1418,"{'label': 'LABEL_0', 'score': 0.7698466181755066}",one_liners-47,curiousity
1419,"{'label': 'LABEL_0', 'score': 0.6706469058990479}",one_liners-47,curiousity
1420,"{'label': 'LABEL_1', 'score': 0.6585454940795898}",one_liners-47,curiousity
1421,"{'label': 'LABEL_1', 'score': 0.7406877875328064}",one_liners-47,curiousity
1422,"{'label': 'LABEL_1', 'score': 0.5960543751716614}",one_liners-47,curiousity
1423,"{'label': 'LABEL_1', 'score': 0.6577283143997192}",one_liners-47,curiousity
1424,"{'label': 'LABEL_1', 'score': 0.6010414361953735}",one_liners-47,curiousity
1425,"{'label': 'LABEL_1', 'score': 0.7078480124473572}",one_liners-47,curiousity
1426,"{'label': 'LABEL_0', 'score': 0.55625981092453}",one_liners-47,curiousity
1427,"{'label': 'LABEL_0', 'score': 0.6090860366821289}",one_liners-47,curiousity
1428,"{'label': 'LABEL_1', 'score': 0.5859968662261963}",one_liners-47,curiousity
1429,"{'label': 'LABEL_0', 'score': 0.6077532172203064}",one_liners-47,curiousity
1430,"{'label': 'LABEL_0', 'score': 0.8467720150947571}",one_liners-47,curiousity
1431,"{'label': 'LABEL_0', 'score': 0.9314096570014954}",one_liners-47,curiousity
1432,"{'label': 'LABEL_0', 'score': 0.9645446538925171}",one_liners-47,curiousity
1433,"{'label': 'LABEL_1', 'score': 0.81465083360672}",one_liners-47,curiousity
1434,"{'label': 'LABEL_1', 'score': 0.8481637835502625}",one_liners-47,curiousity
1435,"{'label': 'LABEL_0', 'score': 0.6496290564537048}",one_liners-47,curiousity
1436,"{'label': 'LABEL_0', 'score': 0.7617687582969666}",one_liners-47,curiousity
1437,"{'label': 'LABEL_0', 'score': 0.7794218063354492}",one_liners-47,curiousity
1438,"{'label': 'LABEL_0', 'score': 0.7425302267074585}",one_liners-47,curiousity
1439,"{'label': 'LABEL_1', 'score': 0.7402810454368591}",one_liners-47,curiousity
1440,"{'label': 'LABEL_1', 'score': 0.6718845367431641}",one_liners-47,curiousity
1441,"{'label': 'LABEL_1', 'score': 0.5400750041007996}",one_liners-47,curiousity
1442,"{'label': 'LABEL_1', 'score': 0.5175468325614929}",one_liners-47,curiousity
1443,"{'label': 'LABEL_1', 'score': 0.5434850454330444}",one_liners-47,curiousity
1444,"{'label': 'LABEL_0', 'score': 0.7707509994506836}",one_liners-47,curiousity
1445,"{'label': 'LABEL_0', 'score': 0.6482895016670227}",one_liners-47,curiousity
1446,"{'label': 'LABEL_0', 'score': 0.8267437219619751}",one_liners-47,curiousity
1447,"{'label': 'LABEL_0', 'score': 0.8939139246940613}",one_liners-47,curiousity
1448,"{'label': 'LABEL_0', 'score': 0.5496251583099365}",one_liners-47,curiousity
1449,"{'label': 'LABEL_1', 'score': 0.7394214272499084}",one_liners-47,curiousity
1450,"{'label': 'LABEL_1', 'score': 0.5470075011253357}",one_liners-47,curiousity
1451,"{'label': 'LABEL_1', 'score': 0.5059027075767517}",one_liners-47,curiousity
1452,"{'label': 'LABEL_0', 'score': 0.5376569032669067}",one_liners-47,curiousity
1453,"{'label': 'LABEL_1', 'score': 0.6407281160354614}",one_liners-47,curiousity
1454,"{'label': 'LABEL_1', 'score': 0.6617681980133057}",one_liners-47,curiousity
1455,"{'label': 'LABEL_0', 'score': 0.6714963316917419}",one_liners-47,curiousity
1456,"{'label': 'LABEL_0', 'score': 0.6837434768676758}",one_liners-47,curiousity
1457,"{'label': 'LABEL_0', 'score': 0.949238657951355}",one_liners-47,curiousity
1458,"{'label': 'LABEL_0', 'score': 0.8051449656486511}",one_liners-47,curiousity
1459,"{'label': 'LABEL_0', 'score': 0.6165922284126282}",one_liners-47,curiousity
1460,"{'label': 'LABEL_0', 'score': 0.8185298442840576}",one_liners-47,curiousity
1461,"{'label': 'LABEL_0', 'score': 0.6857516765594482}",one_liners-47,curiousity
1462,"{'label': 'LABEL_1', 'score': 0.5431860089302063}",one_liners-47,curiousity
1463,"{'label': 'LABEL_0', 'score': 0.6027992963790894}",one_liners-47,curiousity
1464,"{'label': 'LABEL_0', 'score': 0.591536283493042}",one_liners-47,curiousity
1465,"{'label': 'LABEL_1', 'score': 0.9357119202613831}",one_liners-47,curiousity
1466,"{'label': 'LABEL_0', 'score': 0.6977970600128174}",one_liners-47,curiousity
1467,"{'label': 'LABEL_0', 'score': 0.5050870180130005}",one_liners-47,curiousity
1468,"{'label': 'LABEL_1', 'score': 0.5994389057159424}",one_liners-47,curiousity
1469,"{'label': 'LABEL_0', 'score': 0.5081037878990173}",one_liners-47,curiousity
1470,"{'label': 'LABEL_1', 'score': 0.7434917688369751}",one_liners-47,curiousity
1471,"{'label': 'LABEL_1', 'score': 0.711066484451294}",one_liners-47,curiousity
1472,"{'label': 'LABEL_0', 'score': 0.5970138311386108}",one_liners-47,curiousity
1473,"{'label': 'LABEL_1', 'score': 0.8317021727561951}",one_liners-47,curiousity
1474,"{'label': 'LABEL_0', 'score': 0.6208528876304626}",one_liners-47,curiousity
1475,"{'label': 'LABEL_0', 'score': 0.6263582706451416}",one_liners-47,curiousity
1476,"{'label': 'LABEL_0', 'score': 0.6131538152694702}",one_liners-47,curiousity
1477,"{'label': 'LABEL_0', 'score': 0.9543851017951965}",one_liners-47,curiousity
1478,"{'label': 'LABEL_1', 'score': 0.5462732315063477}",one_liners-47,curiousity
1479,"{'label': 'LABEL_1', 'score': 0.766849935054779}",one_liners-47,curiousity
1480,"{'label': 'LABEL_1', 'score': 0.6703868508338928}",one_liners-47,curiousity
1481,"{'label': 'LABEL_1', 'score': 0.5316331386566162}",one_liners-47,curiousity
1482,"{'label': 'LABEL_1', 'score': 0.5741985440254211}",one_liners-47,curiousity
1483,"{'label': 'LABEL_1', 'score': 0.5454102158546448}",one_liners-47,curiousity
1484,"{'label': 'LABEL_0', 'score': 0.6710661053657532}",one_liners-47,curiousity
1485,"{'label': 'LABEL_0', 'score': 0.5603457093238831}",one_liners-47,curiousity
1486,"{'label': 'LABEL_1', 'score': 0.8175461292266846}",one_liners-47,curiousity
1487,"{'label': 'LABEL_1', 'score': 0.8601945042610168}",one_liners-47,curiousity
1488,"{'label': 'LABEL_1', 'score': 0.5152921676635742}",one_liners-47,curiousity
1489,"{'label': 'LABEL_1', 'score': 0.5294932723045349}",one_liners-47,curiousity
1490,"{'label': 'LABEL_0', 'score': 0.5254468321800232}",one_liners-47,curiousity
1491,"{'label': 'LABEL_0', 'score': 0.6253101229667664}",one_liners-47,curiousity
1492,"{'label': 'LABEL_0', 'score': 0.5308057069778442}",one_liners-47,curiousity
1493,"{'label': 'LABEL_0', 'score': 0.6185836791992188}",one_liners-47,curiousity
1494,"{'label': 'LABEL_0', 'score': 0.6760932803153992}",one_liners-47,curiousity
1495,"{'label': 'LABEL_0', 'score': 0.7471946477890015}",one_liners-47,curiousity
1496,"{'label': 'LABEL_0', 'score': 0.5953623652458191}",one_liners-47,curiousity
1497,"{'label': 'LABEL_1', 'score': 0.5556415915489197}",one_liners-47,curiousity
1498,"{'label': 'LABEL_1', 'score': 0.5755724906921387}",one_liners-47,curiousity
1499,"{'label': 'LABEL_1', 'score': 0.6538936495780945}",one_liners-47,curiousity
1500,"{'label': 'LABEL_1', 'score': 0.6544185280799866}",one_liners-47,curiousity
1501,"{'label': 'LABEL_1', 'score': 0.5977197289466858}",one_liners-47,curiousity
1502,"{'label': 'LABEL_0', 'score': 0.6763609647750854}",one_liners-47,curiousity
1503,"{'label': 'LABEL_0', 'score': 0.5114225149154663}",one_liners-47,curiousity
1504,"{'label': 'LABEL_0', 'score': 0.8572916388511658}",one_liners-47,curiousity
1505,"{'label': 'LABEL_0', 'score': 0.8583918809890747}",one_liners-47,curiousity
1506,"{'label': 'LABEL_0', 'score': 0.667162299156189}",one_liners-47,curiousity
1507,"{'label': 'LABEL_0', 'score': 0.5848707556724548}",one_liners-47,curiousity
1508,"{'label': 'LABEL_1', 'score': 0.5602138638496399}",one_liners-47,curiousity
1509,"{'label': 'LABEL_0', 'score': 0.972865641117096}",one_liners-47,curiousity
1510,"{'label': 'LABEL_0', 'score': 0.9873090386390686}",one_liners-47,curiousity
1511,"{'label': 'LABEL_0', 'score': 0.9919770359992981}",one_liners-47,curiousity
1512,"{'label': 'LABEL_0', 'score': 0.8993681073188782}",one_liners-47,curiousity
1513,"{'label': 'LABEL_0', 'score': 0.6183112859725952}",one_liners-47,curiousity
1514,"{'label': 'LABEL_1', 'score': 0.548378050327301}",one_liners-47,curiousity
1515,"{'label': 'LABEL_0', 'score': 0.6972881555557251}",one_liners-47,curiousity
1516,"{'label': 'LABEL_0', 'score': 0.9812424182891846}",one_liners-47,curiousity
1517,"{'label': 'LABEL_0', 'score': 0.6466286182403564}",one_liners-47,curiousity
1518,"{'label': 'LABEL_1', 'score': 0.6220083236694336}",one_liners-47,curiousity
1519,"{'label': 'LABEL_1', 'score': 0.9291849136352539}",one_liners-47,curiousity
1520,"{'label': 'LABEL_0', 'score': 0.6221773624420166}",one_liners-47,curiousity
1521,"{'label': 'LABEL_0', 'score': 0.7187596559524536}",one_liners-47,curiousity
1522,"{'label': 'LABEL_0', 'score': 0.9320064783096313}",one_liners-47,curiousity
1523,"{'label': 'LABEL_1', 'score': 0.6508057117462158}",one_liners-47,curiousity
1524,"{'label': 'LABEL_1', 'score': 0.6587473750114441}",one_liners-47,curiousity
1525,"{'label': 'LABEL_1', 'score': 0.5322662591934204}",one_liners-47,curiousity
1526,"{'label': 'LABEL_1', 'score': 0.6462899446487427}",one_liners-47,curiousity
1527,"{'label': 'LABEL_1', 'score': 0.6822232604026794}",one_liners-47,curiousity
1528,"{'label': 'LABEL_1', 'score': 0.5374971032142639}",one_liners-47,curiousity
1529,"{'label': 'LABEL_0', 'score': 0.9139118790626526}",one_liners-47,curiousity
1530,"{'label': 'LABEL_0', 'score': 0.7502356171607971}",one_liners-47,curiousity
1531,"{'label': 'LABEL_0', 'score': 0.8661279082298279}",one_liners-47,curiousity
1532,"{'label': 'LABEL_0', 'score': 0.5048781633377075}",one_liners-47,curiousity
1533,"{'label': 'LABEL_1', 'score': 0.7317806482315063}",one_liners-47,curiousity
1534,"{'label': 'LABEL_1', 'score': 0.6205983757972717}",one_liners-47,curiousity
1535,"{'label': 'LABEL_0', 'score': 0.670815646648407}",one_liners-47,curiousity
1536,"{'label': 'LABEL_0', 'score': 0.9120482802391052}",one_liners-47,curiousity
1537,"{'label': 'LABEL_0', 'score': 0.5669103264808655}",one_liners-47,curiousity
1538,"{'label': 'LABEL_1', 'score': 0.6849306225776672}",one_liners-47,curiousity
1539,"{'label': 'LABEL_1', 'score': 0.6312354803085327}",one_liners-47,curiousity
1540,"{'label': 'LABEL_1', 'score': 0.8291187286376953}",one_liners-47,curiousity
1541,"{'label': 'LABEL_1', 'score': 0.7896221876144409}",one_liners-47,curiousity
1542,"{'label': 'LABEL_0', 'score': 0.5369515419006348}",one_liners-47,curiousity
1543,"{'label': 'LABEL_1', 'score': 0.7929747700691223}",one_liners-47,curiousity
1544,"{'label': 'LABEL_1', 'score': 0.684729814529419}",one_liners-47,curiousity
1545,"{'label': 'LABEL_1', 'score': 0.7924056053161621}",one_liners-47,curiousity
1546,"{'label': 'LABEL_1', 'score': 0.6574952006340027}",one_liners-47,curiousity
1547,"{'label': 'LABEL_1', 'score': 0.5883952975273132}",one_liners-47,curiousity
1548,"{'label': 'LABEL_1', 'score': 0.5652499794960022}",one_liners-47,curiousity
1549,"{'label': 'LABEL_0', 'score': 0.7369710206985474}",one_liners-47,curiousity
1550,"{'label': 'LABEL_0', 'score': 0.7158514261245728}",one_liners-47,curiousity
1551,"{'label': 'LABEL_0', 'score': 0.5231922268867493}",one_liners-47,curiousity
1552,"{'label': 'LABEL_1', 'score': 0.7213864922523499}",one_liners-47,curiousity
1553,"{'label': 'LABEL_1', 'score': 0.6665582060813904}",one_liners-47,curiousity
1554,"{'label': 'LABEL_0', 'score': 0.8828098177909851}",one_liners-47,curiousity
1555,"{'label': 'LABEL_0', 'score': 0.6090189814567566}",one_liners-47,curiousity
1556,"{'label': 'LABEL_0', 'score': 0.6256906986236572}",one_liners-47,curiousity
1557,"{'label': 'LABEL_0', 'score': 0.750565230846405}",one_liners-47,curiousity
1558,"{'label': 'LABEL_0', 'score': 0.5261064767837524}",one_liners-47,curiousity
1559,"{'label': 'LABEL_0', 'score': 0.8313889503479004}",one_liners-47,curiousity
1560,"{'label': 'LABEL_1', 'score': 0.709662914276123}",one_liners-47,curiousity
1561,"{'label': 'LABEL_0', 'score': 0.936138391494751}",one_liners-47,curiousity
1562,"{'label': 'LABEL_0', 'score': 0.962153434753418}",one_liners-47,curiousity
1563,"{'label': 'LABEL_0', 'score': 0.9719556570053101}",one_liners-47,curiousity
1564,"{'label': 'LABEL_1', 'score': 0.733755350112915}",one_liners-47,curiousity
1565,"{'label': 'LABEL_1', 'score': 0.5347520709037781}",one_liners-47,curiousity
1566,"{'label': 'LABEL_1', 'score': 0.6763311624526978}",one_liners-47,curiousity
1567,"{'label': 'LABEL_1', 'score': 0.5234271883964539}",one_liners-47,curiousity
1568,"{'label': 'LABEL_0', 'score': 0.647002637386322}",one_liners-47,curiousity
1569,"{'label': 'LABEL_1', 'score': 0.5640084147453308}",one_liners-47,curiousity
1570,"{'label': 'LABEL_1', 'score': 0.6938790678977966}",one_liners-47,curiousity
1571,"{'label': 'LABEL_1', 'score': 0.7262690663337708}",one_liners-47,curiousity
1572,"{'label': 'LABEL_0', 'score': 0.95763099193573}",one_liners-47,curiousity
1573,"{'label': 'LABEL_1', 'score': 0.6276015639305115}",one_liners-47,curiousity
1574,"{'label': 'LABEL_0', 'score': 0.545596182346344}",one_liners-47,curiousity
1575,"{'label': 'LABEL_0', 'score': 0.8100156784057617}",one_liners-47,curiousity
1576,"{'label': 'LABEL_0', 'score': 0.9168115854263306}",one_liners-47,curiousity
1577,"{'label': 'LABEL_1', 'score': 0.664999783039093}",one_liners-47,curiousity
1578,"{'label': 'LABEL_1', 'score': 0.7649170160293579}",one_liners-47,curiousity
1579,"{'label': 'LABEL_1', 'score': 0.9361140727996826}",one_liners-47,curiousity
1580,"{'label': 'LABEL_1', 'score': 0.9400157928466797}",one_liners-47,curiousity
1581,"{'label': 'LABEL_1', 'score': 0.9482356905937195}",one_liners-47,curiousity
1582,"{'label': 'LABEL_1', 'score': 0.915198028087616}",one_liners-47,curiousity
1583,"{'label': 'LABEL_0', 'score': 0.5782020092010498}",one_liners-47,curiousity
1584,"{'label': 'LABEL_0', 'score': 0.6761878728866577}",one_liners-47,curiousity
1585,"{'label': 'LABEL_1', 'score': 0.6742002367973328}",one_liners-47,curiousity
1586,"{'label': 'LABEL_1', 'score': 0.8684571385383606}",one_liners-47,curiousity
1587,"{'label': 'LABEL_0', 'score': 0.7609090805053711}",one_liners-47,curiousity
1588,"{'label': 'LABEL_0', 'score': 0.850856602191925}",one_liners-47,curiousity
1589,"{'label': 'LABEL_0', 'score': 0.9900598526000977}",one_liners-47,curiousity
1590,"{'label': 'LABEL_0', 'score': 0.6093936562538147}",one_liners-47,curiousity
1591,"{'label': 'LABEL_0', 'score': 0.598069965839386}",one_liners-47,curiousity
1592,"{'label': 'LABEL_0', 'score': 0.5046620965003967}",one_liners-47,curiousity
1593,"{'label': 'LABEL_1', 'score': 0.504899799823761}",one_liners-47,curiousity
1594,"{'label': 'LABEL_0', 'score': 0.6220932602882385}",one_liners-47,curiousity
1595,"{'label': 'LABEL_0', 'score': 0.8620823621749878}",one_liners-47,curiousity
1596,"{'label': 'LABEL_1', 'score': 0.6299867033958435}",one_liners-47,curiousity
1597,"{'label': 'LABEL_0', 'score': 0.6959945559501648}",one_liners-47,curiousity
1598,"{'label': 'LABEL_0', 'score': 0.8332502841949463}",one_liners-47,curiousity
1599,"{'label': 'LABEL_0', 'score': 0.6439836025238037}",one_liners-47,curiousity
1600,"{'label': 'LABEL_0', 'score': 0.5647782683372498}",one_liners-47,curiousity
1601,"{'label': 'LABEL_0', 'score': 0.6177210807800293}",one_liners-47,curiousity
1602,"{'label': 'LABEL_0', 'score': 0.6220464706420898}",one_liners-47,curiousity
1603,"{'label': 'LABEL_0', 'score': 0.6842175722122192}",one_liners-47,curiousity
1604,"{'label': 'LABEL_1', 'score': 0.5442623496055603}",one_liners-47,curiousity
1605,"{'label': 'LABEL_1', 'score': 0.6930591464042664}",one_liners-47,curiousity
1606,"{'label': 'LABEL_1', 'score': 0.8417251706123352}",one_liners-47,curiousity
1607,"{'label': 'LABEL_1', 'score': 0.6755061149597168}",one_liners-47,curiousity
1608,"{'label': 'LABEL_0', 'score': 0.7631275057792664}",one_liners-47,curiousity
1609,"{'label': 'LABEL_0', 'score': 0.7214439511299133}",one_liners-47,curiousity
1610,"{'label': 'LABEL_1', 'score': 0.6069943904876709}",one_liners-47,curiousity
1611,"{'label': 'LABEL_1', 'score': 0.6752979755401611}",one_liners-47,curiousity
1612,"{'label': 'LABEL_0', 'score': 0.9343776702880859}",one_liners-47,curiousity
1613,"{'label': 'LABEL_1', 'score': 0.5944070816040039}",one_liners-47,curiousity
1614,"{'label': 'LABEL_0', 'score': 0.7725096344947815}",one_liners-47,curiousity
1615,"{'label': 'LABEL_1', 'score': 0.5727903246879578}",one_liners-47,curiousity
1616,"{'label': 'LABEL_1', 'score': 0.7221309542655945}",one_liners-47,curiousity
1617,"{'label': 'LABEL_1', 'score': 0.6484473347663879}",one_liners-47,curiousity
1618,"{'label': 'LABEL_1', 'score': 0.6439628005027771}",one_liners-47,curiousity
1619,"{'label': 'LABEL_0', 'score': 0.8777459859848022}",one_liners-47,curiousity
1620,"{'label': 'LABEL_0', 'score': 0.5645920634269714}",one_liners-47,curiousity
1621,"{'label': 'LABEL_0', 'score': 0.5648900270462036}",one_liners-47,curiousity
1622,"{'label': 'LABEL_1', 'score': 0.5742658972740173}",one_liners-47,curiousity
1623,"{'label': 'LABEL_0', 'score': 0.6357887387275696}",one_liners-47,curiousity
1624,"{'label': 'LABEL_1', 'score': 0.742070198059082}",one_liners-47,curiousity
1625,"{'label': 'LABEL_1', 'score': 0.6835851669311523}",one_liners-47,curiousity
1626,"{'label': 'LABEL_1', 'score': 0.5960704684257507}",one_liners-47,curiousity
1627,"{'label': 'LABEL_1', 'score': 0.5817599892616272}",one_liners-47,curiousity
1628,"{'label': 'LABEL_0', 'score': 0.7553510069847107}",one_liners-47,curiousity
1629,"{'label': 'LABEL_1', 'score': 0.6212941408157349}",one_liners-47,curiousity
1630,"{'label': 'LABEL_0', 'score': 0.9213887453079224}",one_liners-47,curiousity
1631,"{'label': 'LABEL_0', 'score': 0.8778790235519409}",one_liners-47,curiousity
1632,"{'label': 'LABEL_1', 'score': 0.684932291507721}",one_liners-47,curiousity
1633,"{'label': 'LABEL_1', 'score': 0.8189350366592407}",one_liners-47,curiousity
1634,"{'label': 'LABEL_0', 'score': 0.5067786574363708}",one_liners-47,curiousity
1635,"{'label': 'LABEL_1', 'score': 0.554711103439331}",one_liners-47,curiousity
1636,"{'label': 'LABEL_0', 'score': 0.7363227009773254}",one_liners-47,curiousity
1637,"{'label': 'LABEL_0', 'score': 0.5306292772293091}",one_liners-47,curiousity
1638,"{'label': 'LABEL_0', 'score': 0.5572184324264526}",one_liners-47,curiousity
1639,"{'label': 'LABEL_1', 'score': 0.6037715673446655}",one_liners-47,curiousity
1640,"{'label': 'LABEL_0', 'score': 0.6476414203643799}",one_liners-47,curiousity
1641,"{'label': 'LABEL_0', 'score': 0.621875524520874}",one_liners-47,curiousity
1642,"{'label': 'LABEL_0', 'score': 0.6989456415176392}",one_liners-47,curiousity
1643,"{'label': 'LABEL_0', 'score': 0.7731987237930298}",one_liners-47,curiousity
1644,"{'label': 'LABEL_0', 'score': 0.7215467095375061}",one_liners-47,curiousity
1645,"{'label': 'LABEL_0', 'score': 0.9067111611366272}",one_liners-47,curiousity
1646,"{'label': 'LABEL_1', 'score': 0.6528491973876953}",one_liners-47,curiousity
1647,"{'label': 'LABEL_1', 'score': 0.8402349948883057}",one_liners-47,curiousity
1648,"{'label': 'LABEL_1', 'score': 0.8704242706298828}",one_liners-47,curiousity
1649,"{'label': 'LABEL_0', 'score': 0.7940411567687988}",one_liners-47,curiousity
1650,"{'label': 'LABEL_0', 'score': 0.6533346772193909}",one_liners-47,curiousity
1651,"{'label': 'LABEL_1', 'score': 0.6278653740882874}",one_liners-47,curiousity
1652,"{'label': 'LABEL_0', 'score': 0.6117443442344666}",one_liners-47,curiousity
1653,"{'label': 'LABEL_0', 'score': 0.5459096431732178}",one_liners-47,curiousity
1654,"{'label': 'LABEL_0', 'score': 0.502803385257721}",one_liners-47,curiousity
1655,"{'label': 'LABEL_0', 'score': 0.6878674626350403}",one_liners-47,curiousity
1656,"{'label': 'LABEL_1', 'score': 0.5181733965873718}",one_liners-47,curiousity
1657,"{'label': 'LABEL_0', 'score': 0.5124909281730652}",one_liners-47,curiousity
1658,"{'label': 'LABEL_0', 'score': 0.6343703866004944}",one_liners-47,curiousity
1659,"{'label': 'LABEL_0', 'score': 0.53755122423172}",one_liners-47,curiousity
1660,"{'label': 'LABEL_1', 'score': 0.5147109031677246}",one_liners-47,curiousity
1661,"{'label': 'LABEL_0', 'score': 0.7240735292434692}",one_liners-47,curiousity
1662,"{'label': 'LABEL_0', 'score': 0.7089703679084778}",one_liners-47,curiousity
1663,"{'label': 'LABEL_0', 'score': 0.9518564343452454}",one_liners-47,curiousity
1664,"{'label': 'LABEL_1', 'score': 0.5590755939483643}",one_liners-47,curiousity
1665,"{'label': 'LABEL_0', 'score': 0.5284050107002258}",one_liners-47,curiousity
1666,"{'label': 'LABEL_1', 'score': 0.8281850814819336}",one_liners-47,curiousity
1667,"{'label': 'LABEL_0', 'score': 0.6014785766601562}",one_liners-47,curiousity
1668,"{'label': 'LABEL_0', 'score': 0.887338399887085}",one_liners-47,curiousity
1669,"{'label': 'LABEL_1', 'score': 0.5041684508323669}",one_liners-47,curiousity
1670,"{'label': 'LABEL_0', 'score': 0.5566690564155579}",one_liners-47,curiousity
1671,"{'label': 'LABEL_0', 'score': 0.7245638370513916}",one_liners-47,curiousity
1672,"{'label': 'LABEL_0', 'score': 0.5812644958496094}",one_liners-47,curiousity
1673,"{'label': 'LABEL_0', 'score': 0.6805896759033203}",one_liners-47,curiousity
1674,"{'label': 'LABEL_0', 'score': 0.6127104759216309}",one_liners-47,curiousity
1675,"{'label': 'LABEL_0', 'score': 0.8139819502830505}",one_liners-47,curiousity
1676,"{'label': 'LABEL_1', 'score': 0.8864126801490784}",one_liners-47,curiousity
1677,"{'label': 'LABEL_1', 'score': 0.840164065361023}",one_liners-47,curiousity
1678,"{'label': 'LABEL_1', 'score': 0.5832295417785645}",one_liners-47,curiousity
1679,"{'label': 'LABEL_1', 'score': 0.8619030714035034}",one_liners-47,curiousity
1680,"{'label': 'LABEL_1', 'score': 0.797989547252655}",one_liners-47,curiousity
1681,"{'label': 'LABEL_0', 'score': 0.6152023673057556}",one_liners-47,curiousity
1682,"{'label': 'LABEL_0', 'score': 0.6850981116294861}",one_liners-47,curiousity
1683,"{'label': 'LABEL_0', 'score': 0.5999276041984558}",one_liners-47,curiousity
1684,"{'label': 'LABEL_1', 'score': 0.7238981127738953}",one_liners-47,curiousity
1685,"{'label': 'LABEL_1', 'score': 0.6639158129692078}",one_liners-47,curiousity
1686,"{'label': 'LABEL_1', 'score': 0.567040741443634}",one_liners-47,curiousity
1687,"{'label': 'LABEL_1', 'score': 0.5588567852973938}",one_liners-47,curiousity
1688,"{'label': 'LABEL_1', 'score': 0.5003702044487}",one_liners-47,curiousity
1689,"{'label': 'LABEL_1', 'score': 0.5171093344688416}",one_liners-47,curiousity
1690,"{'label': 'LABEL_1', 'score': 0.5041851997375488}",one_liners-47,curiousity
1691,"{'label': 'LABEL_0', 'score': 0.6137137413024902}",one_liners-47,curiousity
1692,"{'label': 'LABEL_0', 'score': 0.6193374991416931}",one_liners-47,curiousity
1693,"{'label': 'LABEL_0', 'score': 0.5525564551353455}",one_liners-47,curiousity
1694,"{'label': 'LABEL_0', 'score': 0.9352148771286011}",one_liners-47,curiousity
1695,"{'label': 'LABEL_0', 'score': 0.9746795892715454}",one_liners-47,curiousity
1696,"{'label': 'LABEL_1', 'score': 0.6596168875694275}",one_liners-47,curiousity
1697,"{'label': 'LABEL_0', 'score': 0.6183271408081055}",one_liners-47,curiousity
1698,"{'label': 'LABEL_0', 'score': 0.7542825937271118}",one_liners-47,curiousity
1699,"{'label': 'LABEL_0', 'score': 0.9397544264793396}",one_liners-47,curiousity
1700,"{'label': 'LABEL_0', 'score': 0.9608722925186157}",one_liners-47,curiousity
1701,"{'label': 'LABEL_0', 'score': 0.9264614582061768}",one_liners-47,curiousity
1702,"{'label': 'LABEL_0', 'score': 0.8658791780471802}",one_liners-47,curiousity
1703,"{'label': 'LABEL_0', 'score': 0.6989246010780334}",one_liners-47,curiousity
1704,"{'label': 'LABEL_1', 'score': 0.5004597306251526}",one_liners-47,curiousity
1705,"{'label': 'LABEL_0', 'score': 0.5915947556495667}",one_liners-47,curiousity
1706,"{'label': 'LABEL_1', 'score': 0.5511466264724731}",one_liners-47,curiousity
1707,"{'label': 'LABEL_0', 'score': 0.7646545767784119}",one_liners-47,curiousity
1708,"{'label': 'LABEL_0', 'score': 0.5970388054847717}",one_liners-47,curiousity
1709,"{'label': 'LABEL_1', 'score': 0.539486289024353}",one_liners-47,curiousity
1710,"{'label': 'LABEL_0', 'score': 0.9405624866485596}",one_liners-47,curiousity
1711,"{'label': 'LABEL_0', 'score': 0.7070448994636536}",one_liners-47,curiousity
1712,"{'label': 'LABEL_0', 'score': 0.5926128625869751}",one_liners-47,curiousity
1713,"{'label': 'LABEL_1', 'score': 0.672748327255249}",one_liners-47,curiousity
1714,"{'label': 'LABEL_0', 'score': 0.7820265293121338}",one_liners-47,curiousity
1715,"{'label': 'LABEL_1', 'score': 0.506818950176239}",one_liners-47,curiousity
1716,"{'label': 'LABEL_0', 'score': 0.5711563229560852}",one_liners-47,curiousity
1717,"{'label': 'LABEL_0', 'score': 0.5305861830711365}",one_liners-47,curiousity
1718,"{'label': 'LABEL_0', 'score': 0.6445714831352234}",one_liners-47,curiousity
1719,"{'label': 'LABEL_1', 'score': 0.5800225734710693}",one_liners-47,curiousity
1720,"{'label': 'LABEL_1', 'score': 0.9300355315208435}",one_liners-47,curiousity
1721,"{'label': 'LABEL_1', 'score': 0.8329015374183655}",one_liners-47,curiousity
1722,"{'label': 'LABEL_0', 'score': 0.6155313849449158}",one_liners-47,curiousity
1723,"{'label': 'LABEL_0', 'score': 0.5440226793289185}",one_liners-47,curiousity
1724,"{'label': 'LABEL_1', 'score': 0.846230685710907}",one_liners-47,curiousity
1725,"{'label': 'LABEL_1', 'score': 0.7844206094741821}",one_liners-47,curiousity
1726,"{'label': 'LABEL_1', 'score': 0.6362481117248535}",one_liners-47,curiousity
1727,"{'label': 'LABEL_1', 'score': 0.61751389503479}",one_liners-47,curiousity
1728,"{'label': 'LABEL_1', 'score': 0.614573061466217}",one_liners-47,curiousity
1729,"{'label': 'LABEL_1', 'score': 0.7383484244346619}",one_liners-47,curiousity
1730,"{'label': 'LABEL_1', 'score': 0.8012247681617737}",one_liners-47,curiousity
1731,"{'label': 'LABEL_1', 'score': 0.6824913620948792}",one_liners-47,curiousity
1732,"{'label': 'LABEL_1', 'score': 0.684718132019043}",one_liners-47,curiousity
1733,"{'label': 'LABEL_1', 'score': 0.8752033710479736}",one_liners-47,curiousity
1734,"{'label': 'LABEL_0', 'score': 0.5384677648544312}",one_liners-47,curiousity
1735,"{'label': 'LABEL_1', 'score': 0.6240672469139099}",one_liners-47,curiousity
1736,"{'label': 'LABEL_1', 'score': 0.9187338948249817}",one_liners-47,curiousity
1737,"{'label': 'LABEL_1', 'score': 0.7670873403549194}",one_liners-47,curiousity
1738,"{'label': 'LABEL_1', 'score': 0.7141881585121155}",one_liners-47,curiousity
1739,"{'label': 'LABEL_0', 'score': 0.6055047512054443}",one_liners-47,curiousity
1740,"{'label': 'LABEL_0', 'score': 0.9862508773803711}",one_liners-47,curiousity
1741,"{'label': 'LABEL_0', 'score': 0.9613797068595886}",one_liners-47,curiousity
1742,"{'label': 'LABEL_0', 'score': 0.70208340883255}",one_liners-47,curiousity
1743,"{'label': 'LABEL_0', 'score': 0.7051911950111389}",one_liners-47,curiousity
1744,"{'label': 'LABEL_1', 'score': 0.5545513033866882}",one_liners-47,curiousity
1745,"{'label': 'LABEL_1', 'score': 0.8636754751205444}",one_liners-47,curiousity
1746,"{'label': 'LABEL_1', 'score': 0.8863312602043152}",one_liners-47,curiousity
1747,"{'label': 'LABEL_0', 'score': 0.7951167225837708}",one_liners-47,curiousity
1748,"{'label': 'LABEL_1', 'score': 0.5386493802070618}",one_liners-47,curiousity
1749,"{'label': 'LABEL_1', 'score': 0.5409564971923828}",one_liners-47,curiousity
1750,"{'label': 'LABEL_0', 'score': 0.7052910923957825}",one_liners-47,curiousity
1751,"{'label': 'LABEL_0', 'score': 0.936184287071228}",one_liners-47,curiousity
1752,"{'label': 'LABEL_1', 'score': 0.5468379855155945}",one_liners-47,curiousity
1753,"{'label': 'LABEL_0', 'score': 0.8366498947143555}",one_liners-47,curiousity
1754,"{'label': 'LABEL_1', 'score': 0.6351253986358643}",one_liners-47,curiousity
1755,"{'label': 'LABEL_1', 'score': 0.7970588803291321}",one_liners-47,curiousity
1756,"{'label': 'LABEL_1', 'score': 0.8006762862205505}",one_liners-47,curiousity
1757,"{'label': 'LABEL_0', 'score': 0.9819546937942505}",one_liners-47,curiousity
1758,"{'label': 'LABEL_0', 'score': 0.7085882425308228}",one_liners-47,curiousity
1759,"{'label': 'LABEL_1', 'score': 0.5483539700508118}",one_liners-47,curiousity
1760,"{'label': 'LABEL_1', 'score': 0.6028608679771423}",one_liners-47,curiousity
1761,"{'label': 'LABEL_0', 'score': 0.7250759601593018}",one_liners-47,curiousity
1762,"{'label': 'LABEL_0', 'score': 0.6937547922134399}",one_liners-47,curiousity
1763,"{'label': 'LABEL_0', 'score': 0.9497909545898438}",one_liners-47,curiousity
1764,"{'label': 'LABEL_0', 'score': 0.9541359543800354}",one_liners-47,curiousity
1765,"{'label': 'LABEL_0', 'score': 0.5313984155654907}",one_liners-47,curiousity
1766,"{'label': 'LABEL_0', 'score': 0.6818544864654541}",one_liners-47,curiousity
1767,"{'label': 'LABEL_1', 'score': 0.5410701632499695}",one_liners-47,curiousity
1768,"{'label': 'LABEL_1', 'score': 0.5397763848304749}",one_liners-47,curiousity
1769,"{'label': 'LABEL_0', 'score': 0.9243727922439575}",one_liners-47,curiousity
1770,"{'label': 'LABEL_0', 'score': 0.9687772393226624}",one_liners-47,curiousity
1771,"{'label': 'LABEL_0', 'score': 0.7136797904968262}",one_liners-47,curiousity
1772,"{'label': 'LABEL_0', 'score': 0.5871158838272095}",one_liners-47,curiousity
1773,"{'label': 'LABEL_0', 'score': 0.6133543848991394}",one_liners-47,curiousity
1774,"{'label': 'LABEL_0', 'score': 0.6285936236381531}",one_liners-47,curiousity
1775,"{'label': 'LABEL_0', 'score': 0.6533412933349609}",one_liners-47,curiousity
1776,"{'label': 'LABEL_0', 'score': 0.6248452663421631}",one_liners-47,curiousity
1777,"{'label': 'LABEL_0', 'score': 0.6600077152252197}",one_liners-47,curiousity
1778,"{'label': 'LABEL_1', 'score': 0.6113405227661133}",one_liners-47,curiousity
1779,"{'label': 'LABEL_1', 'score': 0.6034435629844666}",one_liners-47,curiousity
1780,"{'label': 'LABEL_0', 'score': 0.9302763342857361}",one_liners-47,curiousity
1781,"{'label': 'LABEL_0', 'score': 0.6891354918479919}",one_liners-47,curiousity
1782,"{'label': 'LABEL_0', 'score': 0.5902124643325806}",one_liners-47,curiousity
1783,"{'label': 'LABEL_1', 'score': 0.60185307264328}",one_liners-47,curiousity
1784,"{'label': 'LABEL_1', 'score': 0.7341856360435486}",one_liners-47,curiousity
1785,"{'label': 'LABEL_1', 'score': 0.6388201713562012}",one_liners-47,curiousity
1786,"{'label': 'LABEL_1', 'score': 0.5898805856704712}",one_liners-47,curiousity
1787,"{'label': 'LABEL_1', 'score': 0.6278366446495056}",one_liners-47,curiousity
1788,"{'label': 'LABEL_0', 'score': 0.9805119037628174}",one_liners-47,curiousity
1789,"{'label': 'LABEL_1', 'score': 0.7902796268463135}",one_liners-47,curiousity
1790,"{'label': 'LABEL_0', 'score': 0.8245052695274353}",one_liners-47,curiousity
1791,"{'label': 'LABEL_0', 'score': 0.7440470457077026}",one_liners-47,curiousity
1792,"{'label': 'LABEL_0', 'score': 0.8760749101638794}",one_liners-47,curiousity
1793,"{'label': 'LABEL_1', 'score': 0.5579793453216553}",one_liners-47,curiousity
1794,"{'label': 'LABEL_1', 'score': 0.7180713415145874}",one_liners-47,curiousity
1795,"{'label': 'LABEL_1', 'score': 0.7269845604896545}",one_liners-47,curiousity
1796,"{'label': 'LABEL_1', 'score': 0.6845607161521912}",one_liners-47,curiousity
1797,"{'label': 'LABEL_1', 'score': 0.5239585638046265}",one_liners-47,curiousity
1798,"{'label': 'LABEL_1', 'score': 0.5738039612770081}",one_liners-47,curiousity
1799,"{'label': 'LABEL_0', 'score': 0.8023107051849365}",one_liners-47,curiousity
1800,"{'label': 'LABEL_0', 'score': 0.8311670422554016}",one_liners-47,curiousity
1801,"{'label': 'LABEL_0', 'score': 0.7661397457122803}",one_liners-47,curiousity
1802,"{'label': 'LABEL_1', 'score': 0.5327848792076111}",one_liners-47,curiousity
1803,"{'label': 'LABEL_1', 'score': 0.507828414440155}",one_liners-47,curiousity
1804,"{'label': 'LABEL_1', 'score': 0.5201227068901062}",one_liners-47,curiousity
1805,"{'label': 'LABEL_0', 'score': 0.9802557229995728}",one_liners-47,curiousity
1806,"{'label': 'LABEL_0', 'score': 0.9091567993164062}",one_liners-47,curiousity
1807,"{'label': 'LABEL_0', 'score': 0.7734556794166565}",one_liners-47,curiousity
1808,"{'label': 'LABEL_1', 'score': 0.7918221950531006}",one_liners-47,curiousity
1809,"{'label': 'LABEL_0', 'score': 0.6400102972984314}",one_liners-47,curiousity
1810,"{'label': 'LABEL_0', 'score': 0.6713264584541321}",one_liners-47,curiousity
1811,"{'label': 'LABEL_1', 'score': 0.7234975099563599}",one_liners-47,curiousity
1812,"{'label': 'LABEL_0', 'score': 0.9365324378013611}",one_liners-47,curiousity
1813,"{'label': 'LABEL_0', 'score': 0.6721594929695129}",one_liners-47,curiousity
1814,"{'label': 'LABEL_1', 'score': 0.6625009179115295}",one_liners-47,curiousity
1815,"{'label': 'LABEL_0', 'score': 0.5324621796607971}",one_liners-47,curiousity
1816,"{'label': 'LABEL_0', 'score': 0.8144527673721313}",one_liners-47,curiousity
1817,"{'label': 'LABEL_0', 'score': 0.8197621703147888}",one_liners-47,curiousity
1818,"{'label': 'LABEL_0', 'score': 0.6750489473342896}",one_liners-47,curiousity
1819,"{'label': 'LABEL_1', 'score': 0.5908457636833191}",one_liners-47,curiousity
1820,"{'label': 'LABEL_1', 'score': 0.6268976330757141}",one_liners-47,curiousity
1821,"{'label': 'LABEL_1', 'score': 0.7308252453804016}",one_liners-47,curiousity
1822,"{'label': 'LABEL_1', 'score': 0.6265459060668945}",one_liners-47,curiousity
1823,"{'label': 'LABEL_0', 'score': 0.9755069613456726}",one_liners-47,curiousity
1824,"{'label': 'LABEL_0', 'score': 0.9101742506027222}",one_liners-47,curiousity
1825,"{'label': 'LABEL_0', 'score': 0.8535404205322266}",one_liners-47,curiousity
1826,"{'label': 'LABEL_0', 'score': 0.783656656742096}",one_liners-47,curiousity
1827,"{'label': 'LABEL_1', 'score': 0.7628308534622192}",one_liners-47,curiousity
1828,"{'label': 'LABEL_1', 'score': 0.5504924058914185}",one_liners-47,curiousity
1829,"{'label': 'LABEL_1', 'score': 0.6690279245376587}",one_liners-47,curiousity
1830,"{'label': 'LABEL_0', 'score': 0.7293686270713806}",one_liners-47,curiousity
1831,"{'label': 'LABEL_0', 'score': 0.8421298861503601}",one_liners-47,curiousity
1832,"{'label': 'LABEL_0', 'score': 0.648983359336853}",one_liners-47,curiousity
1833,"{'label': 'LABEL_1', 'score': 0.8451677560806274}",one_liners-47,curiousity
1834,"{'label': 'LABEL_1', 'score': 0.784202516078949}",one_liners-47,curiousity
1835,"{'label': 'LABEL_1', 'score': 0.6216195225715637}",one_liners-47,curiousity
1836,"{'label': 'LABEL_0', 'score': 0.5048903226852417}",one_liners-47,curiousity
1837,"{'label': 'LABEL_0', 'score': 0.7926822304725647}",one_liners-47,curiousity
1838,"{'label': 'LABEL_0', 'score': 0.6990521550178528}",one_liners-47,curiousity
1839,"{'label': 'LABEL_1', 'score': 0.7188823819160461}",one_liners-47,curiousity
1840,"{'label': 'LABEL_0', 'score': 0.6448513269424438}",one_liners-47,curiousity
1841,"{'label': 'LABEL_0', 'score': 0.710218608379364}",one_liners-47,curiousity
1842,"{'label': 'LABEL_0', 'score': 0.7033160924911499}",one_liners-47,curiousity
1843,"{'label': 'LABEL_1', 'score': 0.5411281585693359}",one_liners-47,curiousity
1844,"{'label': 'LABEL_1', 'score': 0.8993626236915588}",one_liners-47,curiousity
1845,"{'label': 'LABEL_0', 'score': 0.7129796743392944}",one_liners-47,curiousity
1846,"{'label': 'LABEL_1', 'score': 0.6477334499359131}",one_liners-47,curiousity
1847,"{'label': 'LABEL_0', 'score': 0.8350591659545898}",one_liners-47,curiousity
1848,"{'label': 'LABEL_1', 'score': 0.501702606678009}",one_liners-47,curiousity
1849,"{'label': 'LABEL_1', 'score': 0.5657932758331299}",one_liners-47,curiousity
1850,"{'label': 'LABEL_1', 'score': 0.7238697409629822}",one_liners-47,curiousity
1851,"{'label': 'LABEL_1', 'score': 0.7231705784797668}",one_liners-47,curiousity
1852,"{'label': 'LABEL_1', 'score': 0.6777482628822327}",one_liners-47,curiousity
1853,"{'label': 'LABEL_0', 'score': 0.614220142364502}",one_liners-47,curiousity
1854,"{'label': 'LABEL_0', 'score': 0.5119385719299316}",one_liners-47,curiousity
1855,"{'label': 'LABEL_0', 'score': 0.6146845817565918}",one_liners-47,curiousity
1856,"{'label': 'LABEL_1', 'score': 0.561675488948822}",one_liners-47,curiousity
1857,"{'label': 'LABEL_1', 'score': 0.5182650685310364}",one_liners-47,curiousity
1858,"{'label': 'LABEL_1', 'score': 0.5334876775741577}",one_liners-47,curiousity
1859,"{'label': 'LABEL_0', 'score': 0.7426363229751587}",one_liners-47,curiousity
1860,"{'label': 'LABEL_0', 'score': 0.600531816482544}",one_liners-47,curiousity
1861,"{'label': 'LABEL_1', 'score': 0.5331682562828064}",one_liners-47,curiousity
1862,"{'label': 'LABEL_1', 'score': 0.7466989755630493}",one_liners-47,curiousity
1863,"{'label': 'LABEL_0', 'score': 0.9571757912635803}",one_liners-47,curiousity
1864,"{'label': 'LABEL_0', 'score': 0.5448355078697205}",one_liners-47,curiousity
1865,"{'label': 'LABEL_0', 'score': 0.5367366075515747}",one_liners-47,curiousity
1866,"{'label': 'LABEL_1', 'score': 0.5167248249053955}",one_liners-47,curiousity
1867,"{'label': 'LABEL_0', 'score': 0.6025262475013733}",one_liners-47,curiousity
1868,"{'label': 'LABEL_0', 'score': 0.7598127722740173}",one_liners-47,curiousity
1869,"{'label': 'LABEL_0', 'score': 0.6973744034767151}",one_liners-47,curiousity
1870,"{'label': 'LABEL_0', 'score': 0.7260686755180359}",one_liners-47,curiousity
1871,"{'label': 'LABEL_1', 'score': 0.521866500377655}",one_liners-47,curiousity
1872,"{'label': 'LABEL_1', 'score': 0.6229368448257446}",one_liners-47,curiousity
1873,"{'label': 'LABEL_0', 'score': 0.8275343179702759}",one_liners-47,curiousity
1874,"{'label': 'LABEL_0', 'score': 0.5106547474861145}",one_liners-47,curiousity
1875,"{'label': 'LABEL_1', 'score': 0.6273809671401978}",one_liners-47,curiousity
1876,"{'label': 'LABEL_1', 'score': 0.6684927940368652}",one_liners-47,curiousity
1877,"{'label': 'LABEL_1', 'score': 0.656127393245697}",one_liners-47,curiousity
1878,"{'label': 'LABEL_0', 'score': 0.760720431804657}",one_liners-47,curiousity
1879,"{'label': 'LABEL_1', 'score': 0.5565856695175171}",one_liners-47,curiousity
1880,"{'label': 'LABEL_1', 'score': 0.6971979141235352}",one_liners-47,curiousity
1881,"{'label': 'LABEL_0', 'score': 0.9735108017921448}",one_liners-47,curiousity
1882,"{'label': 'LABEL_1', 'score': 0.6145588755607605}",one_liners-47,curiousity
1883,"{'label': 'LABEL_1', 'score': 0.7021097540855408}",one_liners-47,curiousity
1884,"{'label': 'LABEL_1', 'score': 0.6656314134597778}",one_liners-47,curiousity
1885,"{'label': 'LABEL_1', 'score': 0.6182292699813843}",one_liners-47,curiousity
1886,"{'label': 'LABEL_1', 'score': 0.6173829436302185}",one_liners-47,curiousity
1887,"{'label': 'LABEL_0', 'score': 0.7382845282554626}",one_liners-47,curiousity
1888,"{'label': 'LABEL_0', 'score': 0.5524822473526001}",one_liners-47,curiousity
1889,"{'label': 'LABEL_1', 'score': 0.595939040184021}",one_liners-47,curiousity
1890,"{'label': 'LABEL_1', 'score': 0.5248686671257019}",one_liners-47,curiousity
1891,"{'label': 'LABEL_1', 'score': 0.525620698928833}",one_liners-47,curiousity
1892,"{'label': 'LABEL_0', 'score': 0.7759451270103455}",one_liners-47,curiousity
1893,"{'label': 'LABEL_0', 'score': 0.5416100025177002}",one_liners-47,curiousity
1894,"{'label': 'LABEL_1', 'score': 0.6358426213264465}",one_liners-47,curiousity
1895,"{'label': 'LABEL_1', 'score': 0.5405998826026917}",one_liners-47,curiousity
1896,"{'label': 'LABEL_0', 'score': 0.5461328625679016}",one_liners-47,curiousity
1897,"{'label': 'LABEL_0', 'score': 0.8016495704650879}",one_liners-47,curiousity
1898,"{'label': 'LABEL_1', 'score': 0.539162814617157}",one_liners-47,curiousity
1899,"{'label': 'LABEL_0', 'score': 0.5285054445266724}",one_liners-47,curiousity
1900,"{'label': 'LABEL_1', 'score': 0.5828989148139954}",one_liners-47,curiousity
1901,"{'label': 'LABEL_1', 'score': 0.6875489354133606}",one_liners-47,curiousity
1902,"{'label': 'LABEL_1', 'score': 0.6905655264854431}",one_liners-47,curiousity
1903,"{'label': 'LABEL_1', 'score': 0.6807864308357239}",one_liners-47,curiousity
1904,"{'label': 'LABEL_0', 'score': 0.6706935167312622}",one_liners-47,curiousity
1905,"{'label': 'LABEL_0', 'score': 0.8478417992591858}",one_liners-47,curiousity
1906,"{'label': 'LABEL_0', 'score': 0.8745989203453064}",one_liners-47,curiousity
1907,"{'label': 'LABEL_0', 'score': 0.5484328866004944}",one_liners-47,curiousity
1908,"{'label': 'LABEL_1', 'score': 0.598956823348999}",one_liners-47,curiousity
1909,"{'label': 'LABEL_1', 'score': 0.5012028813362122}",one_liners-47,curiousity
1910,"{'label': 'LABEL_0', 'score': 0.5214223861694336}",one_liners-47,curiousity
1911,"{'label': 'LABEL_1', 'score': 0.784080982208252}",one_liners-47,curiousity
1912,"{'label': 'LABEL_1', 'score': 0.8806939125061035}",one_liners-47,curiousity
1913,"{'label': 'LABEL_1', 'score': 0.8225294947624207}",one_liners-47,curiousity
1914,"{'label': 'LABEL_1', 'score': 0.8668635487556458}",one_liners-47,curiousity
1915,"{'label': 'LABEL_1', 'score': 0.838951051235199}",one_liners-47,curiousity
1916,"{'label': 'LABEL_1', 'score': 0.5395453572273254}",one_liners-47,curiousity
1917,"{'label': 'LABEL_0', 'score': 0.5989943742752075}",one_liners-47,curiousity
1918,"{'label': 'LABEL_0', 'score': 0.5658407807350159}",one_liners-47,curiousity
1919,"{'label': 'LABEL_0', 'score': 0.5522591471672058}",one_liners-47,curiousity
1920,"{'label': 'LABEL_0', 'score': 0.6274289488792419}",one_liners-47,curiousity
1921,"{'label': 'LABEL_1', 'score': 0.830410897731781}",one_liners-47,curiousity
1922,"{'label': 'LABEL_1', 'score': 0.6062523126602173}",one_liners-47,curiousity
1923,"{'label': 'LABEL_1', 'score': 0.732024073600769}",one_liners-47,curiousity
1924,"{'label': 'LABEL_1', 'score': 0.8584500551223755}",one_liners-47,curiousity
1925,"{'label': 'LABEL_1', 'score': 0.8146771192550659}",one_liners-47,curiousity
1926,"{'label': 'LABEL_0', 'score': 0.5934466123580933}",one_liners-47,curiousity
1927,"{'label': 'LABEL_0', 'score': 0.9752404689788818}",one_liners-47,curiousity
1928,"{'label': 'LABEL_0', 'score': 0.9547178149223328}",one_liners-47,curiousity
1929,"{'label': 'LABEL_0', 'score': 0.8759740591049194}",one_liners-47,curiousity
1930,"{'label': 'LABEL_0', 'score': 0.601958155632019}",one_liners-47,curiousity
1931,"{'label': 'LABEL_0', 'score': 0.8870484828948975}",one_liners-47,curiousity
1932,"{'label': 'LABEL_0', 'score': 0.8063254356384277}",one_liners-47,curiousity
1933,"{'label': 'LABEL_0', 'score': 0.7692265510559082}",one_liners-47,curiousity
1934,"{'label': 'LABEL_0', 'score': 0.6335595846176147}",one_liners-47,curiousity
1935,"{'label': 'LABEL_0', 'score': 0.6821108460426331}",one_liners-47,curiousity
1936,"{'label': 'LABEL_0', 'score': 0.558928906917572}",one_liners-47,curiousity
1937,"{'label': 'LABEL_0', 'score': 0.9870126843452454}",one_liners-47,curiousity
1938,"{'label': 'LABEL_0', 'score': 0.9467016458511353}",one_liners-47,curiousity
1939,"{'label': 'LABEL_1', 'score': 0.6041017174720764}",one_liners-47,curiousity
1940,"{'label': 'LABEL_1', 'score': 0.6040827035903931}",one_liners-47,curiousity
1941,"{'label': 'LABEL_1', 'score': 0.7628803849220276}",one_liners-47,curiousity
1942,"{'label': 'LABEL_1', 'score': 0.5947660207748413}",one_liners-47,curiousity
1943,"{'label': 'LABEL_0', 'score': 0.6183662414550781}",one_liners-47,curiousity
1944,"{'label': 'LABEL_0', 'score': 0.5565521121025085}",one_liners-47,curiousity
1945,"{'label': 'LABEL_1', 'score': 0.5746684670448303}",one_liners-47,curiousity
1946,"{'label': 'LABEL_0', 'score': 0.6705175638198853}",one_liners-47,curiousity
1947,"{'label': 'LABEL_0', 'score': 0.6729936599731445}",one_liners-47,curiousity
1948,"{'label': 'LABEL_0', 'score': 0.74868243932724}",one_liners-47,curiousity
1949,"{'label': 'LABEL_0', 'score': 0.5000130534172058}",one_liners-47,curiousity
1950,"{'label': 'LABEL_0', 'score': 0.5238138437271118}",one_liners-47,curiousity
1951,"{'label': 'LABEL_0', 'score': 0.6507588028907776}",one_liners-47,curiousity
1952,"{'label': 'LABEL_0', 'score': 0.5956918597221375}",one_liners-47,curiousity
1953,"{'label': 'LABEL_1', 'score': 0.6223333477973938}",one_liners-47,curiousity
1954,"{'label': 'LABEL_1', 'score': 0.7236989736557007}",one_liners-47,curiousity
1955,"{'label': 'LABEL_1', 'score': 0.7017356157302856}",one_liners-47,curiousity
1956,"{'label': 'LABEL_1', 'score': 0.7792398929595947}",one_liners-47,curiousity
1957,"{'label': 'LABEL_1', 'score': 0.5919162631034851}",one_liners-47,curiousity
1958,"{'label': 'LABEL_0', 'score': 0.8776702284812927}",one_liners-47,curiousity
1959,"{'label': 'LABEL_0', 'score': 0.950772762298584}",one_liners-47,curiousity
1960,"{'label': 'LABEL_1', 'score': 0.567202091217041}",one_liners-47,curiousity
1961,"{'label': 'LABEL_1', 'score': 0.7058289051055908}",one_liners-47,curiousity
1962,"{'label': 'LABEL_1', 'score': 0.8194444179534912}",one_liners-47,curiousity
1963,"{'label': 'LABEL_1', 'score': 0.5733744502067566}",one_liners-47,curiousity
1964,"{'label': 'LABEL_0', 'score': 0.6885585188865662}",one_liners-47,curiousity
1965,"{'label': 'LABEL_0', 'score': 0.5300025343894958}",one_liners-47,curiousity
1966,"{'label': 'LABEL_1', 'score': 0.7564083337783813}",one_liners-47,curiousity
1967,"{'label': 'LABEL_1', 'score': 0.627083420753479}",one_liners-47,curiousity
1968,"{'label': 'LABEL_1', 'score': 0.8619252443313599}",one_liners-47,curiousity
1969,"{'label': 'LABEL_1', 'score': 0.7944955825805664}",one_liners-47,curiousity
1970,"{'label': 'LABEL_1', 'score': 0.5431309938430786}",one_liners-47,curiousity
1971,"{'label': 'LABEL_1', 'score': 0.550811231136322}",one_liners-47,curiousity
1972,"{'label': 'LABEL_1', 'score': 0.5752450227737427}",one_liners-47,curiousity
1973,"{'label': 'LABEL_1', 'score': 0.5064119100570679}",one_liners-47,curiousity
1974,"{'label': 'LABEL_0', 'score': 0.6231188774108887}",one_liners-47,curiousity
1975,"{'label': 'LABEL_1', 'score': 0.5080472826957703}",one_liners-47,curiousity
1976,"{'label': 'LABEL_1', 'score': 0.5244055390357971}",one_liners-47,curiousity
1977,"{'label': 'LABEL_1', 'score': 0.6266158223152161}",one_liners-47,curiousity
1978,"{'label': 'LABEL_1', 'score': 0.5663405060768127}",one_liners-47,curiousity
1979,"{'label': 'LABEL_1', 'score': 0.6072691082954407}",one_liners-47,curiousity
1980,"{'label': 'LABEL_1', 'score': 0.5164689421653748}",one_liners-47,curiousity
1981,"{'label': 'LABEL_0', 'score': 0.6460792422294617}",one_liners-47,curiousity
1982,"{'label': 'LABEL_0', 'score': 0.6249820590019226}",one_liners-47,curiousity
1983,"{'label': 'LABEL_0', 'score': 0.5827756524085999}",one_liners-47,curiousity
1984,"{'label': 'LABEL_0', 'score': 0.7475171685218811}",one_liners-47,curiousity
1985,"{'label': 'LABEL_0', 'score': 0.6424664855003357}",one_liners-47,curiousity
1986,"{'label': 'LABEL_1', 'score': 0.5006084442138672}",one_liners-47,curiousity
1987,"{'label': 'LABEL_1', 'score': 0.5449368357658386}",one_liners-47,curiousity
1988,"{'label': 'LABEL_0', 'score': 0.5043385624885559}",one_liners-47,curiousity
1989,"{'label': 'LABEL_0', 'score': 0.5340837836265564}",one_liners-47,curiousity
1990,"{'label': 'LABEL_1', 'score': 0.7285735011100769}",one_liners-47,curiousity
1991,"{'label': 'LABEL_1', 'score': 0.8094398379325867}",one_liners-47,curiousity
1992,"{'label': 'LABEL_1', 'score': 0.6241016983985901}",one_liners-47,curiousity
1993,"{'label': 'LABEL_0', 'score': 0.5509257912635803}",one_liners-47,curiousity
1994,"{'label': 'LABEL_0', 'score': 0.5750715136528015}",one_liners-47,curiousity
1995,"{'label': 'LABEL_0', 'score': 0.5658350586891174}",one_liners-47,curiousity
1996,"{'label': 'LABEL_1', 'score': 0.9171393513679504}",one_liners-47,curiousity
1997,"{'label': 'LABEL_1', 'score': 0.8412944674491882}",one_liners-47,curiousity
1998,"{'label': 'LABEL_1', 'score': 0.6464948654174805}",one_liners-47,curiousity
1999,"{'label': 'LABEL_0', 'score': 0.8154886364936829}",one_liners-47,curiousity
2000,"{'label': 'LABEL_0', 'score': 0.5208716988563538}",one_liners-47,curiousity
2001,"{'label': 'LABEL_1', 'score': 0.6147610545158386}",one_liners-47,curiousity
2002,"{'label': 'LABEL_0', 'score': 0.8813426494598389}",one_liners-47,curiousity
2003,"{'label': 'LABEL_0', 'score': 0.85506272315979}",one_liners-47,curiousity
